0 0.459375 0.6365740740740741 0.09375 0.16203703703703703
0 0.5622395833333333 0.637962962962963 0.10885416666666667 0.15925925925925927
0 0.421875 0.39351851851851855 0.16666666666666666 0.32037037037037036
0 0.5921875 0.39490740740740743 0.171875 0.32685185185185184
1 0.67421875 0.638425925925926 0.10989583333333333 0.20277777777777778
1 0.7346354166666667 0.37916666666666665 0.11302083333333333 0.3101851851851852
1 0.2869791666666667 0.3837962962962963 0.10104166666666667 0.2824074074074074
2 0.7830729166666667 0.6106481481481482 0.1078125 0.36203703703703705
2 0.19375 0.4074074074074074 0.08333333333333333 0.3296296296296296
2 0.85078125 0.3875 0.10885416666666667 0.33611111111111114
3 0.8770833333333333 0.6439814814814815 0.08020833333333334 0.18055555555555555
3 0.9372395833333333 0.3925925925925926 0.0671875 0.28888888888888886
4 0.9481770833333333 0.637962962962963 0.058854166666666666 0.18888888888888888