0 0.46536458333333336 0.6439814814814815 0.10052083333333334 0.1527777777777778
0 0.5682291666666667 0.6453703703703704 0.10208333333333333 0.15555555555555556
0 0.42526041666666664 0.4078703703703704 0.16822916666666668 0.3194444444444444
0 0.5953125 0.4078703703703704 0.171875 0.3194444444444444
1 0.36692708333333335 0.6430555555555556 0.09427083333333333 0.21203703703703702
1 0.6755208333333333 0.6370370370370371 0.10729166666666666 0.22407407407407406
1 0.7401041666666667 0.3814814814814815 0.11770833333333333 0.32037037037037036
1 0.2916666666666667 0.3861111111111111 0.096875 0.2962962962962963
2 0.78515625 0.5976851851851852 0.10885416666666667 0.375
2 0.8544270833333333 0.3814814814814815 0.1046875 0.3537037037037037
2 0.19973958333333333 0.41574074074074074 0.08697916666666666 0.34629629629629627
3 0.8796875 0.6546296296296297 0.08333333333333333 0.19814814814814816
4 0.95234375 0.6430555555555556 0.058854166666666666 0.1935185185185185