0 0.47291666666666665 0.7694444444444445 0.10520833333333333 0.2740740740740741
0 0.58046875 0.7703703703703704 0.10989583333333333 0.2814814814814815
0 0.42734375 0.3837962962962963 0.1640625 0.3287037037037037
0 0.5966145833333333 0.3837962962962963 0.17447916666666666 0.3287037037037037
1 0.6903645833333333 0.7810185185185186 0.1046875 0.30277777777777776
1 0.37552083333333336 0.7847222222222222 0.08958333333333333 0.3101851851851852
1 0.28958333333333336 0.3680555555555556 0.103125 0.28425925925925927
1 0.7388020833333333 0.3731481481481482 0.11302083333333333 0.3037037037037037
2 0.28098958333333335 0.7870370370370371 0.09114583333333333 0.34814814814814815
2 0.7953125 0.7824074074074074 0.10208333333333333 0.37222222222222223
2 0.19895833333333332 0.3958333333333333 0.075 0.33425925925925926
2 0.8481770833333333 0.37916666666666665 0.10364583333333334 0.3490740740740741
3 0.20182291666666666 0.7726851851851851 0.06197916666666667 0.27685185185185185
3 0.8830729166666667 0.7407407407407407 0.0734375 0.25
3 0.13802083333333334 0.43148148148148147 0.046875 0.2722222222222222
3 0.9388020833333334 0.37916666666666665 0.07552083333333333 0.30092592592592593
4 0.14791666666666667 0.775 0.04583333333333333 0.21481481481481482
4 0.95078125 0.7453703703703703 0.06197916666666667 0.21296296296296297
5 0.09036458333333333 0.7712962962962963 0.0671875 0.1648148148148148