0 0.4708333333333333 0.774074074074074 0.103125 0.2833333333333333
0 0.57421875 0.7787037037037037 0.10052083333333334 0.29814814814814816
0 0.4244791666666667 0.39351851851851855 0.15833333333333333 0.3296296296296296
0 0.5895833333333333 0.39814814814814814 0.171875 0.32037037037037036
1 0.6809895833333334 0.7847222222222222 0.1078125 0.30092592592592593
1 0.3653645833333333 0.7907407407407407 0.1046875 0.31296296296296294
1 0.2916666666666667 0.3875 0.10208333333333333 0.27870370370370373
1 0.73671875 0.37453703703703706 0.12239583333333333 0.3101851851851852
2 0.27005208333333336 0.8111111111111111 0.0859375 0.37777777777777777
2 0.7864583333333334 0.7875 0.09791666666666667 0.3675925925925926
2 0.19765625 0.4101851851851852 0.08072916666666667 0.2962962962962963
2 0.8515625 0.3731481481481482 0.10208333333333333 0.35555555555555557
3 0.19348958333333333 0.7796296296296297 0.0671875 0.2722222222222222
3 0.875 0.7791666666666667 0.07916666666666666 0.3175925925925926
3 0.13203125 0.43425925925925923 0.0484375 0.24814814814814815
3 0.9375 0.38981481481481484 0.06458333333333334 0.29444444444444445
4 0.9489583333333333 0.7490740740740741 0.065625 0.2
4 0.140625 0.7851851851851852 0.036458333333333336 0.21481481481481482
5 0.08567708333333333 0.7800925925925926 0.06614583333333333 0.17685185185185184