0 0.55078125 0.6638888888888889 0.1046875 0.17407407407407408
0 0.440625 0.6393518518518518 0.11041666666666666 0.1527777777777778
0 0.5825520833333333 0.3861111111111111 0.18385416666666668 0.37222222222222223
0 0.39921875 0.38842592592592595 0.1828125 0.3527777777777778
1 0.33307291666666666 0.6666666666666666 0.0859375 0.19814814814814816
1 0.6682291666666667 0.6643518518518519 0.121875 0.24166666666666667
1 0.7359375 0.37453703703703706 0.12604166666666666 0.33425925925925926
2 0.7895833333333333 0.6606481481481481 0.12083333333333333 0.3490740740740741
2 0.86015625 0.3814814814814815 0.11927083333333334 0.37222222222222223
3 0.8903645833333333 0.6759259259259259 0.0859375 0.2222222222222222
3 0.9598958333333333 0.3958333333333333 0.08020833333333334 0.3435185185185185
4 0.9661458333333334 0.6736111111111112 0.06770833333333333 0.21203703703703702