0 0.6815104166666667 0.6365740740740741 0.1140625 0.24351851851851852
0 0.7486979166666666 0.3541666666666667 0.12239583333333333 0.3509259259259259
1 0.5627604166666667 0.6462962962962963 0.10989583333333333 0.17592592592592593
1 0.44921875 0.6287037037037037 0.0953125 0.17407407407407408
1 0.5950520833333334 0.37546296296296294 0.17760416666666667 0.36574074074074076
1 0.41302083333333334 0.37175925925925923 0.17604166666666668 0.33425925925925926
2 0.7950520833333333 0.6152777777777778 0.10989583333333333 0.39166666666666666
2 0.8703125 0.3611111111111111 0.10729166666666666 0.37962962962962965
3 0.8966145833333333 0.6592592592592592 0.09010416666666667 0.2222222222222222
3 0.9653645833333333 0.38981481481481484 0.06927083333333334 0.3074074074074074
4 0.9708333333333333 0.6583333333333333 0.058333333333333334 0.22962962962962963