5 0.05520833333333333 0.7037037037037037 0.06979166666666667 0.1388888888888889
4 0.11588541666666667 0.7092592592592593 0.0453125 0.14074074074074075
4 0.92734375 0.6583333333333333 0.0546875 0.17222222222222222
3 0.8588541666666667 0.6703703703703704 0.07916666666666666 0.20555555555555555
3 0.17291666666666666 0.7356481481481482 0.065625 0.16944444444444445
3 0.11223958333333334 0.5055555555555555 0.044270833333333336 0.2574074074074074
3 0.9125 0.4375 0.06875 0.2657407407407407
2 0.7736979166666667 0.6449074074074074 0.09114583333333333 0.3509259259259259
2 0.25546875 0.7310185185185185 0.09427083333333333 0.2657407407407407
2 0.18020833333333333 0.4912037037037037 0.08333333333333333 0.325
2 0.83046875 0.41574074074074074 0.0953125 0.3314814814814815
1 0.6703125 0.687037037037037 0.1125 0.20555555555555555
1 0.3541666666666667 0.7023148148148148 0.10104166666666667 0.20277777777777778
1 0.27682291666666664 0.46111111111111114 0.1046875 0.2796296296296296
1 0.7239583333333334 0.4398148148148148 0.1125 0.29814814814814816
0 0.45703125 0.7060185185185185 0.1046875 0.14351851851851852
0 0.56015625 0.6990740740740741 0.1046875 0.14814814814814814
0 0.41432291666666665 0.4828703703703704 0.16510416666666666 0.30833333333333335
0 0.5809895833333333 0.4685185185185185 0.16822916666666668 0.31666666666666665