0 0.4609375 0.6138888888888889 0.096875 0.1648148148148148
0 0.5588541666666667 0.6263888888888889 0.09895833333333333 0.16018518518518518
0 0.58828125 0.37407407407407406 0.16927083333333334 0.34814814814814815
0 0.421875 0.36574074074074076 0.16354166666666667 0.3314814814814815
1 0.35963541666666665 0.6222222222222222 0.10052083333333334 0.20555555555555555
1 0.6674479166666667 0.6092592592592593 0.11822916666666666 0.23148148148148148
1 0.28229166666666666 0.3648148148148148 0.11041666666666666 0.3
1 0.7346354166666667 0.3560185185185185 0.11822916666666666 0.3175925925925926
2 0.7809895833333333 0.5828703703703704 0.10885416666666667 0.38425925925925924
2 0.8473958333333333 0.3685185185185185 0.10729166666666666 0.34629629629629627
2 0.19166666666666668 0.39814814814814814 0.07083333333333333 0.3296296296296296
3 0.8783854166666667 0.6416666666666667 0.0859375 0.20555555555555555
3 0.9346354166666667 0.38657407407407407 0.0671875 0.27685185185185185
4 0.9502604166666667 0.6236111111111111 0.0578125 0.18796296296296297