0 0.6854166666666667 0.6407407407407407 0.1125 0.2611111111111111
0 0.7533854166666667 0.36944444444444446 0.12864583333333332 0.3388888888888889
1 0.5721354166666667 0.6523148148148148 0.10989583333333333 0.1787037037037037
1 0.45625 0.6402777777777777 0.10625 0.1787037037037037
1 0.5958333333333333 0.3800925925925926 0.18125 0.36574074074074076
1 0.41458333333333336 0.37037037037037035 0.17083333333333334 0.34629629629629627
2 0.796875 0.6217592592592592 0.11145833333333334 0.4083333333333333
2 0.875 0.3824074074074074 0.11145833333333334 0.3648148148148148
3 0.8997395833333334 0.6731481481481482 0.0890625 0.20555555555555555
3 0.9645833333333333 0.3958333333333333 0.07083333333333333 0.3194444444444444
4 0.9716145833333333 0.6638888888888889 0.05677083333333333 0.2074074074074074