0 0.5546875 0.662962962962963 0.10729166666666666 0.17592592592592593
0 0.440625 0.6560185185185186 0.115625 0.17685185185185184
0 0.4002604166666667 0.39351851851851855 0.17447916666666666 0.3388888888888889
0 0.5802083333333333 0.39490740740740743 0.18229166666666666 0.36018518518518516
1 0.3307291666666667 0.6620370370370371 0.08854166666666667 0.18888888888888888
1 0.66953125 0.65 0.11927083333333334 0.2462962962962963
1 0.7388020833333333 0.37916666666666665 0.13177083333333334 0.3490740740740741
2 0.7885416666666667 0.6412037037037037 0.115625 0.3675925925925926
2 0.8604166666666667 0.3800925925925926 0.11145833333333334 0.375
3 0.88984375 0.675 0.08489583333333334 0.22037037037037038
3 0.9580729166666667 0.39490740740740743 0.08385416666666666 0.32685185185185184
4 0.9661458333333334 0.6699074074074074 0.06770833333333333 0.2101851851851852