0 0.5911458333333334 0.37175925925925923 0.18541666666666667 0.4009259259259259
0 0.40911458333333334 0.37777777777777777 0.1703125 0.3648148148148148
0 0.4473958333333333 0.6523148148148148 0.10208333333333333 0.1787037037037037
0 0.5575520833333333 0.6703703703703704 0.11822916666666666 0.20555555555555555
1 0.75078125 0.36435185185185187 0.12864583333333332 0.3675925925925926
1 0.6822916666666666 0.6509259259259259 0.12083333333333333 0.2388888888888889
1 0.3455729166666667 0.6666666666666666 0.09114583333333333 0.2037037037037037
2 0.8703125 0.37916666666666665 0.11041666666666666 0.3768518518518518
2 0.79921875 0.6472222222222223 0.11302083333333333 0.37962962962962965
3 0.9627604166666667 0.40046296296296297 0.07447916666666667 0.3527777777777778
3 0.8986979166666667 0.6763888888888889 0.0859375 0.2175925925925926
4 0.9708333333333333 0.6939814814814815 0.058333333333333334 0.23425925925925925