0 0.4153645833333333 0.3277777777777778 0.17447916666666666 0.337037037037037
0 0.5950520833333334 0.3277777777777778 0.18802083333333333 0.34074074074074073
0 0.49296875 0.8087962962962963 0.11302083333333333 0.3194444444444444
1 0.7489583333333333 0.32083333333333336 0.11666666666666667 0.33611111111111114
1 0.27109375 0.3263888888888889 0.1140625 0.30092592592592593
1 0.37890625 0.8046296296296296 0.1046875 0.32222222222222224
2 0.8583333333333333 0.32407407407407407 0.10208333333333333 0.362962962962963
2 0.16354166666666667 0.35324074074074074 0.09791666666666667 0.3675925925925926
2 0.27421875 0.8208333333333333 0.1046875 0.35833333333333334
2 0.8247395833333333 0.8041666666666667 0.09947916666666666 0.39166666666666666
3 0.9106770833333333 0.7300925925925926 0.07760416666666667 0.20092592592592592
3 0.18229166666666666 0.8268518518518518 0.07395833333333333 0.29814814814814816
3 0.08229166666666667 0.38981481481481484 0.059375 0.28888888888888886
3 0.9393229166666667 0.3527777777777778 0.06302083333333333 0.3055555555555556
4 0.1125 0.8263888888888888 0.06041666666666667 0.25092592592592594
5 0.04114583333333333 0.8324074074074074 0.08229166666666667 0.21481481481481482