0 0.32864583333333336 0.6356481481481482 0.10104166666666667 0.2361111111111111
0 0.646875 0.6388888888888888 0.11979166666666667 0.2388888888888889
0 0.25286458333333334 0.3648148148148148 0.1046875 0.29074074074074074
0 0.7166666666666667 0.3731481481481482 0.125 0.3314814814814815
1 0.5401041666666667 0.6472222222222223 0.09895833333333333 0.17407407407407408
1 0.43671875 0.637962962962963 0.1078125 0.15925925925925927
1 0.39166666666666666 0.3824074074074074 0.17083333333333334 0.34629629629629627
1 0.56953125 0.3787037037037037 0.17447916666666666 0.362962962962963
2 0.2328125 0.649074074074074 0.10208333333333333 0.3055555555555556
2 0.7630208333333334 0.611574074074074 0.1125 0.36944444444444446
2 0.1609375 0.3814814814814815 0.07916666666666666 0.362962962962963
2 0.8333333333333334 0.37407407407407406 0.10625 0.34814814814814815
3 0.15078125 0.662962962962963 0.058854166666666666 0.1814814814814815
3 0.8627604166666667 0.6611111111111111 0.08177083333333333 0.21481481481481482
3 0.9239583333333333 0.3875 0.07291666666666667 0.30833333333333335
3 0.09348958333333333 0.41712962962962963 0.044270833333333336 0.27685185185185185