0 0.5622395833333333 0.6365740740740741 0.10364583333333334 0.17685185185185184
0 0.4205729166666667 0.3921296296296296 0.16614583333333333 0.33240740740740743
0 0.5890625 0.3888888888888889 0.17083333333333334 0.3296296296296296
1 0.6669270833333333 0.6152777777777778 0.10052083333333334 0.21944444444444444
1 0.7346354166666667 0.3662037037037037 0.11302083333333333 0.32685185185185184
1 0.2877604166666667 0.37407407407407406 0.09947916666666666 0.29074074074074074
2 0.775 0.5949074074074074 0.115625 0.36944444444444446
2 0.19635416666666666 0.4041666666666667 0.08020833333333334 0.32685185185185184
2 0.84765625 0.3685185185185185 0.1046875 0.35555555555555557
3 0.8755208333333333 0.6472222222222223 0.08333333333333333 0.19814814814814816
3 0.9354166666666667 0.37916666666666665 0.07395833333333333 0.3101851851851852
4 0.9481770833333333 0.6356481481481482 0.0640625 0.20833333333333334