0 0.44947916666666665 0.75 0.09791666666666667 0.2796296296296296
0 0.5528645833333333 0.7527777777777778 0.10885416666666667 0.28888888888888886
0 0.5716145833333334 0.38472222222222224 0.17864583333333334 0.3175925925925926
0 0.4010416666666667 0.38842592592592595 0.15416666666666667 0.3101851851851852
1 0.665625 0.7717592592592593 0.11145833333333334 0.33611111111111114
1 0.34609375 0.7546296296296297 0.10364583333333334 0.32222222222222224
1 0.27291666666666664 0.37222222222222223 0.096875 0.3148148148148148
1 0.7205729166666667 0.3597222222222222 0.1171875 0.3101851851851852
2 0.77421875 0.7657407407407407 0.10572916666666667 0.3814814814814815
2 0.2520833333333333 0.775 0.0875 0.3814814814814815
2 0.83203125 0.36944444444444446 0.10052083333333334 0.3296296296296296
2 0.18229166666666666 0.3958333333333333 0.08229166666666667 0.3287037037037037
3 0.8653645833333333 0.7430555555555556 0.0765625 0.287962962962963
3 0.17838541666666666 0.7597222222222222 0.0578125 0.287962962962963
3 0.92265625 0.3861111111111111 0.07239583333333334 0.28703703703703703
3 0.11979166666666667 0.425462962962963 0.042708333333333334 0.26944444444444443
4 0.12604166666666666 0.7597222222222222 0.046875 0.2361111111111111
4 0.9328125 0.7143518518518519 0.06041666666666667 0.20277777777777778
5 0.07473958333333333 0.7527777777777778 0.0578125 0.17407407407407408