5 0.05807291666666667 0.8203703703703704 0.0859375 0.17222222222222222
4 0.12395833333333334 0.8203703703703704 0.06458333333333334 0.2
2 0.2635416666666667 0.8277777777777777 0.09375 0.34444444444444444
2 0.7825520833333334 0.7791666666666667 0.0953125 0.36018518518518516
2 0.8239583333333333 0.3611111111111111 0.09791666666666667 0.3277777777777778
1 0.35833333333333334 0.8231481481481482 0.09270833333333334 0.29074074074074074
1 0.6796875 0.7930555555555555 0.10729166666666666 0.28425925925925927
1 0.71796875 0.36712962962962964 0.1140625 0.3101851851851852
3 0.18489583333333334 0.8208333333333333 0.07916666666666666 0.27685185185185185
3 0.8596354166666667 0.7611111111111111 0.07760416666666667 0.29074074074074074
3 0.9018229166666667 0.38055555555555554 0.05260416666666667 0.25555555555555554
3 0.09895833333333333 0.4685185185185185 0.05520833333333333 0.25555555555555554
0 0.4622395833333333 0.8037037037037037 0.1046875 0.26296296296296295
0 0.5677083333333334 0.7967592592592593 0.10625 0.2675925925925926
0 0.40963541666666664 0.4217592592592593 0.16927083333333334 0.3101851851851852
0 0.578125 0.4074074074074074 0.1625 0.3148148148148148