5 0.05807291666666667 0.8240740740740741 0.0828125 0.17962962962962964
4 0.121875 0.825462962962963 0.06041666666666667 0.21944444444444444
1 0.6815104166666667 0.7930555555555555 0.10885416666666667 0.275
1 0.36223958333333334 0.8268518518518518 0.10364583333333334 0.28888888888888886
1 0.7200520833333334 0.36944444444444446 0.10989583333333333 0.3055555555555556
3 0.86171875 0.7583333333333333 0.08177083333333333 0.29074074074074074
3 0.18307291666666667 0.825462962962963 0.07239583333333334 0.2675925925925926
3 0.09583333333333334 0.46620370370370373 0.05625 0.275
3 0.8984375 0.3768518518518518 0.059375 0.2722222222222222
2 0.2635416666666667 0.8314814814814815 0.08854166666666667 0.337037037037037
2 0.7830729166666667 0.7810185185185186 0.09635416666666667 0.36018518518518516
2 0.17213541666666668 0.44814814814814813 0.09427083333333333 0.32407407407407407
2 0.82265625 0.36712962962962964 0.0953125 0.325
0 0.46822916666666664 0.8 0.10833333333333334 0.25555555555555554
0 0.5736979166666667 0.7953703703703704 0.1046875 0.26481481481481484
0 0.5809895833333333 0.4013888888888889 0.16510416666666666 0.32685185185185184
0 0.4125 0.42083333333333334 0.16666666666666666 0.30277777777777776