0 0.5989583333333334 0.37916666666666665 0.18541666666666667 0.3675925925925926
0 0.4158854166666667 0.37222222222222223 0.17552083333333332 0.362962962962963
0 0.45208333333333334 0.6430555555555556 0.10625 0.16944444444444445
0 0.5666666666666667 0.6537037037037037 0.12083333333333333 0.1814814814814815
1 0.6864583333333333 0.637962962962963 0.115625 0.24074074074074073
1 0.7541666666666667 0.36712962962962964 0.125 0.3490740740740741
2 0.875 0.37916666666666665 0.11979166666666667 0.3675925925925926
2 0.7989583333333333 0.6356481481481482 0.10729166666666666 0.35648148148148145
3 0.96796875 0.39675925925925926 0.0640625 0.32685185185185184
3 0.90234375 0.6712962962962963 0.09114583333333333 0.2222222222222222
4 0.9747395833333333 0.6597222222222222 0.050520833333333334 0.1935185185185185