0 0.46484375 0.8027777777777778 0.1046875 0.25555555555555554
0 0.57109375 0.7967592592592593 0.1046875 0.2675925925925926
0 0.40963541666666664 0.41944444444444445 0.16927083333333334 0.3055555555555556
0 0.5802083333333333 0.40925925925925927 0.171875 0.32222222222222224
1 0.36276041666666664 0.8231481481481482 0.09947916666666666 0.29074074074074074
1 0.67890625 0.7944444444444444 0.10885416666666667 0.29074074074074074
1 0.7205729166666667 0.3731481481481482 0.10885416666666667 0.29814814814814816
2 0.26484375 0.8314814814814815 0.09427083333333333 0.337037037037037
2 0.784375 0.7777777777777778 0.10208333333333333 0.3537037037037037
2 0.8247395833333333 0.3611111111111111 0.09427083333333333 0.3314814814814815
3 0.18177083333333333 0.8277777777777777 0.075 0.2814814814814815
3 0.8588541666666667 0.7569444444444444 0.07916666666666666 0.2935185185185185
3 0.9018229166666667 0.38055555555555554 0.0578125 0.26481481481481484
3 0.10026041666666667 0.46620370370370373 0.0578125 0.25092592592592594
4 0.121875 0.825462962962963 0.065625 0.2101851851851852
5 0.06015625 0.8203703703703704 0.09010416666666667 0.1814814814814815