0 0.5924479166666666 0.38472222222222224 0.1796875 0.375
0 0.41510416666666666 0.3763888888888889 0.171875 0.3675925925925926
0 0.45078125 0.65 0.10364583333333334 0.17407407407407408
0 0.5627604166666667 0.6666666666666666 0.11822916666666666 0.19814814814814816
1 0.34869791666666666 0.662962962962963 0.09010416666666667 0.1814814814814815
1 0.675 0.6513888888888889 0.103125 0.25277777777777777
1 0.7494791666666667 0.37407407407407406 0.12604166666666666 0.34814814814814815
2 0.8744791666666667 0.37777777777777777 0.115625 0.37407407407407406
2 0.7911458333333333 0.65 0.13125 0.3611111111111111
3 0.9005208333333333 0.6824074074074075 0.0875 0.2388888888888889
3 0.9666666666666667 0.3972222222222222 0.06666666666666667 0.3314814814814815
4 0.9721354166666667 0.6712962962962963 0.05572916666666667 0.2074074074074074