0 0.45208333333333334 0.6893518518518519 0.10625 0.2712962962962963
0 0.5559895833333334 0.6893518518518519 0.1046875 0.27685185185185185
0 0.40572916666666664 0.38842592592592595 0.16354166666666667 0.3194444444444444
0 0.5734375 0.38842592592592595 0.171875 0.3194444444444444
1 0.3515625 0.7060185185185185 0.09791666666666667 0.31574074074074077
1 0.6674479166666667 0.6962962962962963 0.10989583333333333 0.2962962962962963
1 0.26953125 0.3648148148148148 0.10364583333333334 0.3055555555555556
1 0.7197916666666667 0.37546296296296294 0.12083333333333333 0.29907407407407405
2 0.77421875 0.700462962962963 0.10052083333333334 0.38425925925925924
2 0.26015625 0.7023148148148148 0.08697916666666666 0.36574074074074076
2 0.17630208333333333 0.4078703703703704 0.07552083333333333 0.33425925925925926
2 0.8338541666666667 0.37175925925925923 0.10208333333333333 0.3435185185185185
3 0.18020833333333333 0.7083333333333334 0.06979166666666667 0.2814814814814815
3 0.86640625 0.687962962962963 0.08072916666666667 0.28888888888888886
3 0.11848958333333333 0.41712962962962963 0.043229166666666666 0.2953703703703704
3 0.9197916666666667 0.3731481481481482 0.06458333333333334 0.3277777777777778
4 0.9361979166666666 0.6824074074074075 0.058854166666666666 0.24814814814814815