0 0.41640625 0.31712962962962965 0.1796875 0.3490740740740741
0 0.59453125 0.3194444444444444 0.17864583333333334 0.3537037037037037
1 0.7192708333333333 0.8087962962962963 0.10833333333333334 0.33425925925925926
1 0.3809895833333333 0.8046296296296296 0.10885416666666667 0.32222222222222224
1 0.7455729166666667 0.3148148148148148 0.1234375 0.32407407407407407
1 0.2674479166666667 0.3101851851851852 0.11822916666666666 0.3148148148148148
2 0.27421875 0.8148148148148148 0.09947916666666666 0.37037037037037035
2 0.8260416666666667 0.8101851851851852 0.10208333333333333 0.37962962962962965
2 0.8549479166666667 0.31574074074074077 0.0953125 0.37962962962962965
2 0.16276041666666666 0.3574074074074074 0.09635416666666667 0.3537037037037037
3 0.18151041666666667 0.8185185185185185 0.0859375 0.3148148148148148
3 0.9140625 0.7226851851851852 0.07395833333333333 0.20462962962962963
3 0.9385416666666667 0.3421296296296296 0.06979166666666667 0.33611111111111114
3 0.08359375 0.3851851851851852 0.058854166666666666 0.28888888888888886
4 0.10963541666666667 0.825462962962963 0.0578125 0.2675925925925926
5 0.041666666666666664 0.8277777777777777 0.08125 0.2