0 0.5963541666666666 0.36712962962962964 0.18541666666666667 0.3768518518518518
0 0.41510416666666666 0.36342592592592593 0.171875 0.3509259259259259
0 0.45 0.6430555555555556 0.10729166666666666 0.20277777777777778
0 0.5609375 0.6523148148148148 0.11145833333333334 0.19722222222222222
1 0.7520833333333333 0.3574074074074074 0.12604166666666666 0.34814814814814815
1 0.6783854166666666 0.6370370370370371 0.1234375 0.2722222222222222
1 0.35234375 0.6416666666666667 0.0859375 0.2
2 0.8734375 0.3685185185185185 0.11145833333333334 0.3888888888888889
2 0.79921875 0.6310185185185185 0.11302083333333333 0.375
3 0.9013020833333333 0.6726851851851852 0.0859375 0.2101851851851852
3 0.9645833333333333 0.3925925925925926 0.07083333333333333 0.32222222222222224
4 0.9713541666666666 0.6620370370370371 0.057291666666666664 0.19814814814814816