0 0.44869791666666664 0.6763888888888889 0.09427083333333333 0.16018518518518518
0 0.5549479166666667 0.687037037037037 0.10989583333333333 0.14814814814814814
0 0.5809895833333333 0.44814814814814813 0.17552083333333332 0.3296296296296296
0 0.40911458333333334 0.4449074074074074 0.16822916666666668 0.30833333333333335
1 0.6635416666666667 0.6597222222222222 0.10729166666666666 0.20277777777777778
1 0.35208333333333336 0.6787037037037037 0.09895833333333333 0.21296296296296297
1 0.728125 0.40879629629629627 0.115625 0.3175925925925926
1 0.2708333333333333 0.4398148148148148 0.11145833333333334 0.2740740740740741
2 0.7674479166666667 0.6268518518518519 0.10052083333333334 0.3388888888888889
2 0.25546875 0.700925925925926 0.09947916666666666 0.3055555555555556
2 0.8328125 0.39351851851851855 0.09375 0.3296296296296296
2 0.175 0.46620370370370373 0.078125 0.33611111111111114
3 0.8549479166666667 0.6513888888888889 0.0765625 0.19537037037037036
3 0.17005208333333333 0.7152777777777778 0.06822916666666666 0.16203703703703703
3 0.9091145833333333 0.41712962962962963 0.058854166666666666 0.262037037037037
3 0.10833333333333334 0.4708333333333333 0.05520833333333333 0.2935185185185185
4 0.11223958333333334 0.6976851851851852 0.044270833333333336 0.15462962962962962
4 0.9213541666666667 0.6453703703703704 0.05625 0.18888888888888888
5 0.05130208333333333 0.6916666666666667 0.07239583333333334 0.1425925925925926