5 0.0703125 0.8324074074074074 0.08854166666666667 0.17592592592592593
4 0.13802083333333334 0.8337962962962963 0.06875 0.21203703703703702
4 0.053385416666666664 0.47685185185185186 0.04114583333333333 0.22962962962962963
3 0.20052083333333334 0.8324074074074074 0.075 0.2722222222222222
3 0.8729166666666667 0.7523148148148148 0.08333333333333333 0.26944444444444443
3 0.8979166666666667 0.3625 0.06041666666666667 0.2675925925925926
2 0.2794270833333333 0.8300925925925926 0.09114583333333333 0.31574074074074077
2 0.7950520833333333 0.7620370370370371 0.09635416666666667 0.31666666666666665
2 0.821875 0.3476851851851852 0.096875 0.33425925925925926
1 0.3763020833333333 0.8324074074074074 0.09947916666666666 0.2814814814814815
1 0.6942708333333333 0.799074074074074 0.10208333333333333 0.2814814814814815
1 0.27291666666666664 0.39675925925925926 0.10729166666666666 0.275
1 0.7205729166666667 0.3597222222222222 0.10572916666666667 0.30092592592592593
0 0.48359375 0.8087962962962963 0.1046875 0.25277777777777777
0 0.5890625 0.8037037037037037 0.10833333333333334 0.26296296296296295
0 0.41380208333333335 0.4027777777777778 0.16927083333333334 0.3055555555555556
0 0.5830729166666667 0.39444444444444443 0.16927083333333334 0.32222222222222224