0 0.60390625 0.7787037037037037 0.1140625 0.3037037037037037
0 0.48776041666666664 0.7754629629629629 0.11302083333333333 0.2861111111111111
0 0.5895833333333333 0.3194444444444444 0.17708333333333334 0.3388888888888889
0 0.40859375 0.32546296296296295 0.1828125 0.32685185185185184
1 0.25859375 0.3074074074074074 0.1140625 0.3148148148148148
1 0.7401041666666667 0.300462962962963 0.11770833333333333 0.3194444444444444
1 0.37213541666666666 0.7907407407407407 0.11302083333333333 0.31666666666666665
2 0.1546875 0.3435185185185185 0.09166666666666666 0.362962962962963
2 0.8502604166666666 0.31342592592592594 0.09635416666666667 0.36574074074074076
2 0.26875 0.7958333333333333 0.08854166666666667 0.3509259259259259
3 0.18020833333333333 0.8013888888888889 0.08333333333333333 0.2953703703703704
3 0.9065104166666667 0.7847222222222222 0.0859375 0.3490740740740741
3 0.078125 0.3768518518518518 0.06145833333333333 0.2962962962962963
3 0.93125 0.3398148148148148 0.065625 0.35555555555555557
4 0.10703125 0.8111111111111111 0.0578125 0.24814814814814815
5 0.037760416666666664 0.812037037037037 0.07552083333333333 0.2074074074074074