0 0.4005208333333333 0.3800925925925926 0.18020833333333333 0.36018518518518516
0 0.44192708333333336 0.6606481481481481 0.10989583333333333 0.18611111111111112
0 0.5817708333333333 0.3824074074074074 0.18541666666666667 0.3648148148148148
0 0.5494791666666666 0.6615740740740741 0.10729166666666666 0.1935185185185185
1 0.7401041666666667 0.37175925925925923 0.12916666666666668 0.3490740740740741
1 0.6674479166666667 0.6574074074074074 0.11822916666666666 0.24074074074074073
1 0.3346354166666667 0.6712962962962963 0.1046875 0.2074074074074074
2 0.8604166666666667 0.37777777777777777 0.11145833333333334 0.37407407407407406
2 0.7877604166666666 0.6439814814814815 0.11927083333333334 0.3731481481481482
3 0.95859375 0.39351851851851855 0.0828125 0.3296296296296296
3 0.890625 0.6773148148148148 0.08333333333333333 0.22870370370370371
4 0.9653645833333333 0.6620370370370371 0.06927083333333334 0.19814814814814816