0 0.55703125 0.775 0.10885416666666667 0.29074074074074074
0 0.45078125 0.774074074074074 0.10052083333333334 0.2796296296296296
0 0.5770833333333333 0.40046296296296297 0.17291666666666666 0.325
0 0.40651041666666665 0.40555555555555556 0.16510416666666666 0.3055555555555556
1 0.6643229166666667 0.7824074074074074 0.10364583333333334 0.3055555555555556
1 0.3502604166666667 0.7916666666666666 0.10052083333333334 0.3055555555555556
1 0.2716145833333333 0.3800925925925926 0.09947916666666666 0.28425925925925927
1 0.7192708333333333 0.37916666666666665 0.11145833333333334 0.30092592592592593
2 0.77109375 0.7870370370370371 0.09947916666666666 0.37222222222222223
2 0.25546875 0.7981481481481482 0.0859375 0.35555555555555557
2 0.18020833333333333 0.41574074074074074 0.08333333333333333 0.3314814814814815
2 0.8286458333333333 0.38657407407407407 0.10729166666666666 0.33425925925925926
3 0.18151041666666667 0.7847222222222222 0.06197916666666667 0.2824074074074074
3 0.8627604166666667 0.7712962962962963 0.08177083333333333 0.32222222222222224
3 0.11666666666666667 0.4337962962962963 0.041666666666666664 0.27685185185185185
4 0.12994791666666666 0.7824074074074074 0.044270833333333336 0.22037037037037038
4 0.9333333333333333 0.7310185185185185 0.059375 0.18796296296296297
5 0.07291666666666667 0.7763888888888889 0.06145833333333333 0.1787037037037037