0 0.6057291666666667 0.7893518518518519 0.1125 0.2916666666666667
0 0.49166666666666664 0.787962962962963 0.115625 0.28888888888888886
0 0.59453125 0.32175925925925924 0.17864583333333334 0.3490740740740741
0 0.415625 0.32175925925925924 0.18125 0.3490740740740741
1 0.3802083333333333 0.8125 0.11041666666666666 0.32685185185185184
1 0.26614583333333336 0.3087962962962963 0.115625 0.30277777777777776
1 0.7447916666666666 0.30648148148148147 0.11979166666666667 0.3314814814814815
2 0.27291666666666664 0.8185185185185185 0.096875 0.362962962962963
2 0.15807291666666667 0.35185185185185186 0.0984375 0.35555555555555557
2 0.8533854166666667 0.32037037037037036 0.10052083333333334 0.3648148148148148
3 0.184375 0.8125 0.078125 0.2935185185185185
3 0.9119791666666667 0.7847222222222222 0.075 0.3194444444444444
3 0.078125 0.37916666666666665 0.051041666666666666 0.2953703703703704
3 0.9372395833333333 0.34305555555555556 0.0671875 0.325
4 0.11510416666666666 0.8134259259259259 0.05520833333333333 0.225
5 0.04244791666666667 0.8134259259259259 0.08489583333333334 0.18611111111111112