0 0.47291666666666665 0.8111111111111111 0.10520833333333333 0.2574074074074074
0 0.5796875 0.812037037037037 0.11145833333333334 0.26481481481481484
0 0.421875 0.4324074074074074 0.16666666666666666 0.29814814814814816
0 0.5908854166666667 0.4185185185185185 0.16927083333333334 0.31296296296296294
1 0.36875 0.8351851851851851 0.09791666666666667 0.2962962962962963
1 0.68984375 0.8101851851851852 0.10885416666666667 0.28888888888888886
1 0.73046875 0.3800925925925926 0.1046875 0.30277777777777776
2 0.2716145833333333 0.8361111111111111 0.09114583333333333 0.3277777777777778
2 0.7916666666666666 0.7907407407407407 0.09791666666666667 0.35555555555555557
2 0.8328125 0.36712962962962964 0.09375 0.33425925925925926
2 0.18229166666666666 0.4675925925925926 0.09270833333333334 0.3148148148148148
3 0.19088541666666667 0.8337962962962963 0.07239583333333334 0.275
3 0.8677083333333333 0.7666666666666667 0.078125 0.28888888888888886
3 0.9065104166666667 0.3875 0.05364583333333333 0.2601851851851852
3 0.10442708333333334 0.47824074074074074 0.0578125 0.2601851851851852
4 0.1296875 0.8333333333333334 0.06041666666666667 0.19814814814814816
5 0.06354166666666666 0.8324074074074074 0.08020833333333334 0.17222222222222222