0 0.45598958333333334 0.6810185185185185 0.10885416666666667 0.275
0 0.5661458333333333 0.6833333333333333 0.10625 0.2740740740740741
0 0.4125 0.3861111111111111 0.15833333333333333 0.2962962962962963
0 0.5791666666666667 0.3912037037037037 0.171875 0.3101851851851852
1 0.3575520833333333 0.6925925925925925 0.09114583333333333 0.29814814814814816
1 0.67421875 0.6893518518518519 0.10989583333333333 0.2824074074074074
1 0.7265625 0.36435185185185187 0.1125 0.3101851851851852
1 0.28020833333333334 0.37824074074074077 0.103125 0.2935185185185185
2 0.26953125 0.6953703703703704 0.0921875 0.37407407407407406
2 0.7802083333333333 0.6773148148148148 0.096875 0.4009259259259259
2 0.19036458333333334 0.38981481481481484 0.0765625 0.34074074074074073
2 0.84140625 0.3685185185185185 0.10885416666666667 0.34629629629629627
3 0.18697916666666667 0.6990740740740741 0.06979166666666667 0.2722222222222222
3 0.8697916666666666 0.687037037037037 0.07916666666666666 0.28703703703703703
3 0.1265625 0.4222222222222222 0.05416666666666667 0.29074074074074074
3 0.928125 0.3875 0.06458333333333334 0.30833333333333335
4 0.94140625 0.6666666666666666 0.0640625 0.25555555555555554