0 0.5734375 0.6439814814814815 0.10729166666666666 0.16203703703703703
0 0.46901041666666665 0.6370370370370371 0.09947916666666666 0.1574074074074074
0 0.42994791666666665 0.40925925925925927 0.15885416666666666 0.29814814814814816
0 0.5958333333333333 0.4125 0.17291666666666666 0.3101851851851852
1 0.37083333333333335 0.6546296296296297 0.09895833333333333 0.19814814814814816
1 0.6817708333333333 0.6393518518518518 0.103125 0.21944444444444444
1 0.29453125 0.37916666666666665 0.10989583333333333 0.30092592592592593
1 0.74140625 0.3837962962962963 0.11510416666666666 0.2916666666666667
2 0.78828125 0.6310185185185185 0.10989583333333333 0.36574074074074076
2 0.20052083333333334 0.42083333333333334 0.075 0.33240740740740743
2 0.8557291666666667 0.38981481481481484 0.10208333333333333 0.337037037037037
3 0.8864583333333333 0.6560185185185186 0.08854166666666667 0.19537037037037036
3 0.94140625 0.4101851851851852 0.0671875 0.28703703703703703
4 0.9661458333333334 0.649074074074074 0.06770833333333333 0.1814814814814815