0 0.54921875 0.7069444444444445 0.1046875 0.14537037037037037
0 0.44947916666666665 0.7 0.09270833333333334 0.14074074074074075
0 0.40859375 0.4601851851851852 0.16927083333333334 0.3388888888888889
0 0.5763020833333333 0.4601851851851852 0.16614583333333333 0.3388888888888889
1 0.35208333333333336 0.7013888888888888 0.09895833333333333 0.20462962962962963
1 0.6575520833333334 0.6689814814814815 0.11927083333333334 0.24166666666666667
1 0.71875 0.42685185185185187 0.12083333333333333 0.32037037037037036
1 0.2682291666666667 0.45092592592592595 0.10833333333333334 0.2962962962962963
2 0.7669270833333334 0.6560185185185186 0.09947916666666666 0.3435185185185185
2 0.2546875 0.7203703703703703 0.09791666666666667 0.3148148148148148
2 0.17421875 0.48518518518518516 0.0796875 0.337037037037037
2 0.8268229166666666 0.41805555555555557 0.09010416666666667 0.3509259259259259
3 0.16614583333333333 0.7393518518518518 0.07395833333333333 0.16203703703703703
3 0.8541666666666666 0.6583333333333333 0.078125 0.18703703703703703
3 0.10911458333333333 0.49722222222222223 0.05364583333333333 0.29814814814814816
3 0.903125 0.43287037037037035 0.065625 0.27870370370370373
4 0.9203125 0.6416666666666667 0.06354166666666666 0.20925925925925926
4 0.10442708333333334 0.7189814814814814 0.044270833333333336 0.14537037037037037
5 0.04869791666666667 0.7180555555555556 0.0671875 0.14351851851851852