0 0.5541666666666667 0.637962962962963 0.09791666666666667 0.18333333333333332
0 0.45260416666666664 0.6240740740740741 0.10208333333333333 0.1648148148148148
0 0.41510416666666666 0.3824074074074074 0.16666666666666666 0.32222222222222224
0 0.5848958333333333 0.3837962962962963 0.17291666666666666 0.325
1 0.6588541666666666 0.6199074074074075 0.10625 0.2101851851851852
1 0.3546875 0.6282407407407408 0.09375 0.21203703703703702
1 0.28229166666666666 0.37175925925925923 0.096875 0.2953703703703704
1 0.7294270833333333 0.36342592592592593 0.11822916666666666 0.30833333333333335
2 0.7708333333333334 0.5879629629629629 0.115625 0.34629629629629627
2 0.25807291666666665 0.638425925925926 0.09427083333333333 0.2935185185185185
2 0.19114583333333332 0.3888888888888889 0.08854166666666667 0.3388888888888889
2 0.8421875 0.36018518518518516 0.10208333333333333 0.34814814814814815
3 0.8716145833333333 0.637962962962963 0.0859375 0.2074074074074074
3 0.9278645833333333 0.3851851851851852 0.0671875 0.2740740740740741
4 0.9447916666666667 0.6236111111111111 0.057291666666666664 0.20277777777777778