0 0.6104166666666667 0.7787037037037037 0.11145833333333334 0.31296296296296294
0 0.49635416666666665 0.7694444444444445 0.11979166666666667 0.29814814814814816
0 0.5984375 0.32175925925925924 0.17604166666666668 0.3490740740740741
0 0.4197916666666667 0.32685185185185184 0.18125 0.3296296296296296
1 0.7455729166666667 0.3037037037037037 0.11822916666666666 0.337037037037037
1 0.2674479166666667 0.3101851851851852 0.11822916666666666 0.3148148148148148
1 0.38177083333333334 0.7837962962962963 0.10729166666666666 0.3509259259259259
1 0.7208333333333333 0.7810185185185186 0.11145833333333334 0.32685185185185184
2 0.85625 0.31712962962962965 0.103125 0.3675925925925926
2 0.16145833333333334 0.35185185185185186 0.09166666666666666 0.37037037037037035
2 0.275 0.8064814814814815 0.103125 0.387037037037037
3 0.18359375 0.8217592592592593 0.0734375 0.35648148148148145
3 0.08619791666666667 0.38287037037037036 0.06197916666666667 0.30833333333333335
3 0.9408854166666667 0.34814814814814815 0.06302083333333333 0.32037037037037036
4 0.11666666666666667 0.8143518518518519 0.06041666666666667 0.26944444444444443
5 0.04192708333333333 0.8194444444444444 0.08385416666666666 0.21296296296296297