0 0.5627604166666667 0.7416666666666667 0.11302083333333333 0.29074074074074074
0 0.4546875 0.7416666666666667 0.103125 0.29074074074074074
0 0.5802083333333333 0.3851851851851852 0.171875 0.32222222222222224
0 0.41119791666666666 0.3861111111111111 0.1640625 0.3148148148148148
1 0.675 0.7513888888888889 0.10833333333333334 0.31574074074074077
1 0.35546875 0.7560185185185185 0.0984375 0.30092592592592593
1 0.278125 0.3685185185185185 0.10208333333333333 0.28888888888888886
1 0.7239583333333334 0.36342592592592593 0.1125 0.31203703703703706
2 0.7796875 0.7527777777777778 0.10104166666666667 0.37962962962962965
2 0.25807291666666665 0.7717592592592593 0.09427083333333333 0.375
2 0.18776041666666668 0.3912037037037037 0.08177083333333333 0.33425925925925926
2 0.8354166666666667 0.36203703703703705 0.11041666666666666 0.3388888888888889
3 0.18020833333333333 0.7541666666666667 0.06145833333333333 0.27685185185185185
3 0.8677083333333333 0.7296296296296296 0.078125 0.3148148148148148
3 0.9255208333333333 0.37916666666666665 0.06979166666666667 0.2953703703703704
3 0.12473958333333333 0.4152777777777778 0.044270833333333336 0.27685185185185185
4 0.9380208333333333 0.7143518518518519 0.06041666666666667 0.22685185185185186
4 0.1265625 0.7513888888888889 0.04583333333333333 0.225
5 0.07421875 0.7467592592592592 0.058854166666666666 0.17685185185185184