0 0.4393229166666667 0.6615740740740741 0.11510416666666666 0.20277777777777778
0 0.5588541666666667 0.6699074074074074 0.10520833333333333 0.18611111111111112
0 0.584375 0.3861111111111111 0.18229166666666666 0.3814814814814815
0 0.40260416666666665 0.3814814814814815 0.18645833333333334 0.362962962962963
1 0.6736979166666667 0.662962962962963 0.11927083333333334 0.22962962962962963
1 0.3338541666666667 0.6652777777777777 0.0875 0.19537037037037036
1 0.740625 0.37175925925925923 0.13020833333333334 0.3527777777777778
2 0.7872395833333333 0.6523148148148148 0.10989583333333333 0.35648148148148145
2 0.8609375 0.3787037037037037 0.10208333333333333 0.37222222222222223
3 0.8864583333333333 0.6726851851851852 0.09166666666666666 0.21944444444444444
3 0.9572916666666667 0.3912037037037037 0.08541666666666667 0.33425925925925926
4 0.96796875 0.6615740740740741 0.0640625 0.20277777777777778