5 0.058854166666666666 0.825 0.0875 0.19074074074074074
4 0.12473958333333333 0.8277777777777777 0.06302083333333333 0.21481481481481482
2 0.26223958333333336 0.8337962962962963 0.09635416666666667 0.33240740740740743
2 0.7830729166666667 0.7777777777777778 0.09427083333333333 0.3537037037037037
2 0.8260416666666667 0.3648148148148148 0.09166666666666666 0.3296296296296296
1 0.6815104166666667 0.8004629629629629 0.10885416666666667 0.28425925925925927
1 0.36354166666666665 0.8277777777777777 0.10104166666666667 0.29074074074074074
1 0.7200520833333334 0.37222222222222223 0.11302083333333333 0.3055555555555556
3 0.8638020833333333 0.7587962962962963 0.0859375 0.27685185185185185
3 0.18307291666666667 0.8314814814814815 0.07760416666666667 0.26481481481481484
3 0.9020833333333333 0.3800925925925926 0.06041666666666667 0.2601851851851852
3 0.0984375 0.4625 0.059375 0.2675925925925926
0 0.5721354166666667 0.8013888888888889 0.1046875 0.2675925925925926
0 0.4669270833333333 0.8037037037037037 0.10885416666666667 0.26296296296296295
0 0.41119791666666666 0.42314814814814816 0.16927083333333334 0.29814814814814816
0 0.5796875 0.4064814814814815 0.16770833333333332 0.3314814814814815