0 0.5622395833333333 0.6296296296296297 0.10052083333333334 0.16666666666666666
0 0.5921875 0.3824074074074074 0.171875 0.3314814814814815
0 0.4231770833333333 0.3851851851851852 0.16614583333333333 0.32222222222222224
1 0.6669270833333333 0.6106481481481482 0.10885416666666667 0.2101851851851852
1 0.2864583333333333 0.35185185185185186 0.10729166666666666 0.31296296296296294
1 0.7372395833333333 0.35833333333333334 0.11822916666666666 0.32222222222222224
2 0.7830729166666667 0.5879629629629629 0.11510416666666666 0.37037037037037035
2 0.19166666666666668 0.3875 0.07604166666666666 0.3509259259259259
2 0.8473958333333333 0.3611111111111111 0.10208333333333333 0.34074074074074073
3 0.87890625 0.6370370370370371 0.0765625 0.21481481481481482
3 0.9354166666666667 0.3837962962962963 0.065625 0.2916666666666667
4 0.946875 0.6212962962962963 0.059375 0.17962962962962964