5 0.053385416666666664 0.6847222222222222 0.06614583333333333 0.13796296296296295
4 0.11041666666666666 0.6907407407407408 0.04583333333333333 0.14074074074074075
4 0.9192708333333334 0.6365740740740741 0.057291666666666664 0.18611111111111112
3 0.10520833333333333 0.48657407407407405 0.051041666666666666 0.25833333333333336
3 0.165625 0.7097222222222223 0.06458333333333334 0.15092592592592594
3 0.8486979166666667 0.6347222222222222 0.07760416666666667 0.2101851851851852
3 0.9044270833333333 0.4185185185185185 0.07135416666666666 0.26481481481481484
2 0.175 0.4708333333333333 0.08333333333333333 0.3175925925925926
2 0.8197916666666667 0.3958333333333333 0.09791666666666667 0.3287037037037037
2 0.246875 0.7060185185185185 0.09791666666666667 0.27685185185185185
2 0.7638020833333333 0.6212962962962963 0.0953125 0.3648148148148148
1 0.2677083333333333 0.44074074074074077 0.10208333333333333 0.2722222222222222
1 0.34348958333333335 0.6787037037037037 0.0953125 0.21296296296296297
1 0.65703125 0.6532407407407408 0.11822916666666666 0.21944444444444444
1 0.7145833333333333 0.4148148148148148 0.11041666666666666 0.2962962962962963
0 0.403125 0.4601851851851852 0.16666666666666666 0.3
0 0.5716145833333334 0.44351851851851853 0.1734375 0.3296296296296296
0 0.44609375 0.6842592592592592 0.09635416666666667 0.14814814814814814
0 0.5489583333333333 0.6810185185185185 0.09791666666666667 0.14537037037037037