0 0.6520833333333333 0.6574074074074074 0.11145833333333334 0.19814814814814816
0 0.3346354166666667 0.6319444444444444 0.09635416666666667 0.23425925925925925
0 0.25807291666666665 0.3638888888888889 0.10989583333333333 0.29814814814814816
0 0.7221354166666667 0.37083333333333335 0.12760416666666666 0.33240740740740743
1 0.54296875 0.6537037037037037 0.1046875 0.1814814814814815
1 0.43515625 0.6370370370370371 0.1046875 0.16666666666666666
1 0.3963541666666667 0.38657407407407407 0.16666666666666666 0.33425925925925926
1 0.5703125 0.3814814814814815 0.17604166666666668 0.3574074074074074
2 0.23541666666666666 0.6453703703703704 0.10729166666666666 0.3074074074074074
2 0.7697916666666667 0.6199074074074075 0.10729166666666666 0.3768518518518518
2 0.16197916666666667 0.38981481481481484 0.07916666666666666 0.35
2 0.83671875 0.37175925925925923 0.1015625 0.3527777777777778
3 0.09557291666666666 0.4125 0.043229166666666666 0.2712962962962963
3 0.9268229166666667 0.38842592592592595 0.07239583333333334 0.30092592592592593
3 0.14947916666666666 0.6652777777777777 0.06145833333333333 0.17685185185185184
3 0.8651041666666667 0.6643518518518519 0.08333333333333333 0.2361111111111111