0 0.6890625 0.6462962962962963 0.11770833333333333 0.22407407407407406
0 0.7640625 0.36435185185185187 0.12604166666666666 0.33425925925925926
1 0.56875 0.6439814814814815 0.11145833333333334 0.16203703703703703
1 0.45703125 0.6370370370370371 0.1046875 0.16666666666666666
1 0.6049479166666667 0.38472222222222224 0.18385416666666668 0.36018518518518516
1 0.42265625 0.3726851851851852 0.1734375 0.3509259259259259
2 0.8065104166666667 0.6328703703703704 0.1140625 0.36018518518518516
2 0.88515625 0.37453703703703706 0.1046875 0.3675925925925926
3 0.903125 0.675 0.0875 0.22407407407407406
3 0.9708333333333333 0.38842592592592595 0.058333333333333334 0.3194444444444444
4 0.9734375 0.6583333333333333 0.053125 0.1962962962962963