0 0.46432291666666664 0.6425925925925926 0.10052083333333334 0.15555555555555556
0 0.5661458333333333 0.6416666666666667 0.10104166666666667 0.1574074074074074
0 0.42682291666666666 0.40046296296296297 0.16510416666666666 0.3287037037037037
0 0.59296875 0.399537037037037 0.16510416666666666 0.32685185185185184
1 0.6736979166666667 0.6356481481481482 0.10885416666666667 0.2212962962962963
1 0.3640625 0.6583333333333333 0.096875 0.19074074074074074
1 0.7333333333333333 0.38287037037037036 0.115625 0.30277777777777776
1 0.29296875 0.3907407407407407 0.1046875 0.3055555555555556
2 0.7869791666666667 0.6069444444444444 0.115625 0.375
2 0.8473958333333333 0.37824074074074077 0.10729166666666666 0.3509259259259259
2 0.1984375 0.40879629629629627 0.084375 0.3453703703703704
3 0.8825520833333333 0.6509259259259259 0.07239583333333334 0.2
3 0.93671875 0.4050925925925926 0.07135416666666666 0.2861111111111111
4 0.9494791666666667 0.6425925925925926 0.06145833333333333 0.18333333333333332