5 0.05546875 0.6856481481481481 0.0671875 0.1361111111111111
4 0.10651041666666666 0.6976851851851852 0.05364583333333333 0.14537037037037037
4 0.921875 0.6273148148148148 0.05520833333333333 0.19537037037037036
3 0.9072916666666667 0.4101851851851852 0.06041666666666667 0.2574074074074074
3 0.10911458333333333 0.4925925925925926 0.05364583333333333 0.26481481481481484
3 0.16328125 0.7083333333333334 0.06302083333333333 0.17592592592592593
3 0.8536458333333333 0.6393518518518518 0.07916666666666666 0.2101851851851852
2 0.17604166666666668 0.4699074074074074 0.08333333333333333 0.3194444444444444
2 0.82734375 0.3958333333333333 0.09947916666666666 0.3194444444444444
2 0.24583333333333332 0.712037037037037 0.10208333333333333 0.2740740740740741
2 0.7674479166666667 0.611574074074074 0.09010416666666667 0.375
1 0.2721354166666667 0.44212962962962965 0.10885416666666667 0.27870370370370373
1 0.34739583333333335 0.6842592592592592 0.09791666666666667 0.21481481481481482
1 0.71796875 0.4148148148148148 0.1140625 0.2962962962962963
1 0.6635416666666667 0.6546296296296297 0.1125 0.21296296296296297
0 0.4078125 0.4601851851851852 0.1625 0.3
0 0.5755208333333334 0.4412037037037037 0.17083333333333334 0.3194444444444444
0 0.44817708333333334 0.6796296296296296 0.10052083333333334 0.1425925925925926
0 0.5520833333333334 0.6759259259259259 0.10729166666666666 0.15