5 0.05130208333333333 0.7037037037037037 0.07239583333333334 0.14814814814814814
4 0.9234375 0.6462962962962963 0.05520833333333333 0.18703703703703703
4 0.11380208333333333 0.7013888888888888 0.04739583333333333 0.13425925925925927
3 0.9119791666666667 0.42453703703703705 0.06458333333333334 0.2675925925925926
3 0.11171875 0.5032407407407408 0.0484375 0.262037037037037
3 0.17213541666666668 0.7296296296296296 0.07239583333333334 0.1574074074074074
3 0.8583333333333333 0.6643518518518519 0.075 0.1935185185185185
2 0.8307291666666666 0.4074074074074074 0.09791666666666667 0.3388888888888889
2 0.18020833333333333 0.49027777777777776 0.08333333333333333 0.3175925925925926
2 0.25338541666666664 0.725 0.09010416666666667 0.26666666666666666
2 0.7716145833333333 0.6393518518518518 0.0921875 0.3527777777777778
1 0.2747395833333333 0.4532407407407407 0.10052083333333334 0.2861111111111111
1 0.7239583333333334 0.43148148148148147 0.1125 0.3
1 0.35208333333333336 0.6953703703703704 0.10729166666666666 0.2222222222222222
1 0.66484375 0.6787037037037037 0.11822916666666666 0.19814814814814816
0 0.4125 0.4699074074074074 0.16666666666666666 0.3101851851851852
0 0.5796875 0.4587962962962963 0.17083333333333334 0.3175925925925926
0 0.45416666666666666 0.6976851851851852 0.09895833333333333 0.14537037037037037
0 0.5559895833333334 0.6967592592592593 0.09947916666666666 0.1527777777777778