0 0.4890625 0.7916666666666666 0.1125 0.3055555555555556
0 0.58828125 0.3277777777777778 0.1828125 0.34074074074074073
0 0.41119791666666666 0.32037037037037036 0.17447916666666666 0.3314814814814815
1 0.3776041666666667 0.8087962962962963 0.1125 0.3194444444444444
1 0.2640625 0.31712962962962965 0.11979166666666667 0.30092592592592593
1 0.7401041666666667 0.3101851851851852 0.12395833333333334 0.3148148148148148
2 0.2677083333333333 0.8171296296296297 0.10208333333333333 0.36574074074074076
2 0.8208333333333333 0.8018518518518518 0.10208333333333333 0.3962962962962963
2 0.15598958333333332 0.34814814814814815 0.09427083333333333 0.3537037037037037
2 0.8520833333333333 0.32037037037037036 0.09791666666666667 0.35555555555555557
3 0.17578125 0.8171296296296297 0.0765625 0.30277777777777776
3 0.9114583333333334 0.7726851851851851 0.07916666666666666 0.30092592592592593
3 0.07682291666666667 0.3814814814814815 0.05364583333333333 0.28703703703703703
3 0.93203125 0.35138888888888886 0.0640625 0.30833333333333335
4 0.10963541666666667 0.8162037037037037 0.0578125 0.24351851851851852
5 0.0390625 0.8268518518518518 0.078125 0.2074074074074074