5 0.06276041666666667 0.8467592592592592 0.0921875 0.19166666666666668
4 0.12473958333333333 0.8393518518518519 0.06302083333333333 0.21944444444444444
2 0.7830729166666667 0.799537037037037 0.09114583333333333 0.3675925925925926
2 0.26666666666666666 0.8412037037037037 0.09270833333333334 0.3175925925925926
2 0.8260416666666667 0.37407407407407406 0.09166666666666666 0.3388888888888889
1 0.3653645833333333 0.8412037037037037 0.09947916666666666 0.2935185185185185
1 0.684375 0.8111111111111111 0.10625 0.28703703703703703
1 0.2755208333333333 0.42083333333333334 0.10729166666666666 0.27870370370370373
1 0.7231770833333333 0.38287037037037036 0.1140625 0.30833333333333335
3 0.18776041666666668 0.8435185185185186 0.0765625 0.26481481481481484
3 0.8614583333333333 0.7763888888888889 0.07916666666666666 0.2935185185185185
3 0.9020833333333333 0.37824074074074077 0.06041666666666667 0.2935185185185185
3 0.10234375 0.48055555555555557 0.05677083333333333 0.27037037037037037
0 0.46901041666666665 0.8180555555555555 0.1046875 0.262037037037037
0 0.57578125 0.8143518518518519 0.10885416666666667 0.26944444444444443
0 0.41380208333333335 0.43148148148148147 0.16927083333333334 0.3
0 0.5817708333333333 0.4203703703703704 0.16666666666666666 0.32222222222222224