0 0.5932291666666667 0.3814814814814815 0.18645833333333334 0.37222222222222223
0 0.40911458333333334 0.37546296296296294 0.17552083333333332 0.36574074074074076
0 0.44479166666666664 0.6523148148148148 0.1125 0.19722222222222222
0 0.5614583333333333 0.6726851851851852 0.12083333333333333 0.2101851851851852
1 0.6796875 0.6486111111111111 0.11041666666666666 0.2675925925925926
1 0.34270833333333334 0.6606481481481481 0.08541666666666667 0.19537037037037036
1 0.7513020833333334 0.3726851851851852 0.12760416666666666 0.3509259259259259
2 0.8736979166666666 0.37777777777777777 0.10885416666666667 0.37407407407407406
2 0.7958333333333333 0.649074074074074 0.11666666666666667 0.37222222222222223
3 0.9645833333333333 0.39351851851851855 0.07083333333333333 0.34814814814814815
3 0.9013020833333333 0.6703703703703704 0.09114583333333333 0.21481481481481482
4 0.9739583333333334 0.6726851851851852 0.052083333333333336 0.20092592592592592