0 0.4869791666666667 0.8194444444444444 0.103125 0.26481481481481484
0 0.5919270833333333 0.8148148148148148 0.10885416666666667 0.26481481481481484
0 0.42473958333333334 0.4125 0.16927083333333334 0.30462962962962964
0 0.5932291666666667 0.40046296296296297 0.16770833333333332 0.31574074074074077
1 0.7018229166666666 0.8087962962962963 0.10885416666666667 0.27685185185185185
1 0.38567708333333334 0.8351851851851851 0.1015625 0.2962962962962963
1 0.73125 0.3587962962962963 0.10625 0.31203703703703706
1 0.28020833333333334 0.4027777777777778 0.11145833333333334 0.29074074074074074
2 0.80390625 0.775 0.0953125 0.3296296296296296
2 0.28567708333333336 0.8412037037037037 0.0921875 0.3175925925925926
2 0.8299479166666667 0.3527777777777778 0.09427083333333333 0.34814814814814815
3 0.8770833333333333 0.7574074074074074 0.08333333333333333 0.26481481481481484
3 0.203125 0.8375 0.08020833333333334 0.262037037037037
3 0.90859375 0.37453703703703706 0.06614583333333333 0.2675925925925926
4 0.13984375 0.8393518518518519 0.06197916666666667 0.2101851851851852
4 0.05807291666666667 0.4837962962962963 0.03802083333333333 0.24351851851851852
5 0.0734375 0.8328703703703704 0.09270833333333334 0.18611111111111112