0 0.565625 0.6430555555555556 0.10208333333333333 0.16018518518518518
0 0.4265625 0.40046296296296297 0.16770833333333332 0.31574074074074077
0 0.5958333333333333 0.4013888888888889 0.17083333333333334 0.3175925925925926
1 0.67421875 0.6189814814814815 0.10989583333333333 0.2361111111111111
1 0.28958333333333336 0.37777777777777777 0.103125 0.29814814814814816
1 0.7416666666666667 0.3763888888888889 0.12083333333333333 0.3101851851851852
2 0.7864583333333334 0.6106481481481482 0.11145833333333334 0.36203703703703705
2 0.1984375 0.4050925925925926 0.07916666666666666 0.33425925925925926
2 0.85234375 0.37037037037037035 0.10052083333333334 0.34629629629629627
3 0.8838541666666667 0.6462962962962963 0.08854166666666667 0.21481481481481482
3 0.9380208333333333 0.3958333333333333 0.06875 0.2861111111111111
4 0.9549479166666667 0.6333333333333333 0.05364583333333333 0.18333333333333332