0 0.44479166666666664 0.7819444444444444 0.10208333333333333 0.27685185185185185
0 0.5541666666666667 0.7833333333333333 0.11666666666666667 0.2796296296296296
0 0.403125 0.399537037037037 0.16875 0.3175925925925926
0 0.5721354166666667 0.40185185185185185 0.16927083333333334 0.32222222222222224
1 0.6627604166666666 0.787962962962963 0.10052083333333334 0.28888888888888886
1 0.34453125 0.7893518518518519 0.0953125 0.30092592592592593
1 0.2703125 0.38842592592592595 0.09375 0.30092592592592593
1 0.7171875 0.3824074074074074 0.12083333333333333 0.31296296296296294
2 0.765625 0.788425925925926 0.09895833333333333 0.36944444444444446
2 0.2526041666666667 0.7958333333333333 0.08854166666666667 0.3509259259259259
2 0.8307291666666666 0.3824074074074074 0.10104166666666667 0.34629629629629627
2 0.18151041666666667 0.4111111111111111 0.08072916666666667 0.337037037037037
3 0.85625 0.7689814814814815 0.084375 0.3175925925925926
3 0.17708333333333334 0.7898148148148149 0.065625 0.3055555555555556
3 0.9184895833333333 0.3972222222222222 0.07239583333333334 0.28888888888888886
3 0.115625 0.43287037037037035 0.051041666666666666 0.2601851851851852
4 0.12317708333333334 0.7851851851851852 0.0390625 0.21481481481481482
4 0.9294270833333333 0.7324074074074074 0.06197916666666667 0.1962962962962963
5 0.06875 0.7800925925925926 0.06458333333333334 0.19166666666666668