5 0.06145833333333333 0.8291666666666667 0.09270833333333334 0.1935185185185185
4 0.12604166666666666 0.8263888888888888 0.06041666666666667 0.21203703703703702
3 0.18567708333333333 0.8263888888888888 0.07760416666666667 0.275
3 0.8635416666666667 0.7648148148148148 0.08333333333333333 0.29814814814814816
3 0.9013020833333333 0.3648148148148148 0.058854166666666666 0.2814814814814815
2 0.78984375 0.7814814814814814 0.09947916666666666 0.35555555555555557
2 0.2708333333333333 0.8291666666666667 0.08958333333333333 0.3416666666666667
2 0.8247395833333333 0.3537037037037037 0.09427083333333333 0.34629629629629627
1 0.36666666666666664 0.8291666666666667 0.10208333333333333 0.2935185185185185
1 0.6838541666666667 0.8004629629629629 0.10729166666666666 0.2935185185185185
1 0.27369791666666665 0.4027777777777778 0.10885416666666667 0.2814814814814815
1 0.7205729166666667 0.36666666666666664 0.1140625 0.3055555555555556
0 0.46875 0.8087962962962963 0.10208333333333333 0.262037037037037
0 0.5763020833333333 0.8037037037037037 0.1078125 0.2722222222222222
0 0.41302083333333334 0.4162037037037037 0.16770833333333332 0.30277777777777776
0 0.5817708333333333 0.40046296296296297 0.16666666666666666 0.3194444444444444