0 0.45260416666666664 0.75 0.10208333333333333 0.2796296296296296
0 0.5567708333333333 0.7546296296296297 0.10625 0.28888888888888886
0 0.57421875 0.3861111111111111 0.1703125 0.3296296296296296
0 0.40651041666666665 0.3800925925925926 0.16822916666666668 0.3175925925925926
1 0.66640625 0.7569444444444444 0.10989583333333333 0.2935185185185185
1 0.35208333333333336 0.7657407407407407 0.09895833333333333 0.3
1 0.2708333333333333 0.36712962962962964 0.103125 0.2953703703703704
1 0.7200520833333334 0.3611111111111111 0.11822916666666666 0.31296296296296294
2 0.7723958333333333 0.7620370370370371 0.10208333333333333 0.37962962962962965
2 0.25755208333333335 0.7777777777777778 0.08697916666666666 0.37222222222222223
2 0.18020833333333333 0.39444444444444443 0.078125 0.3314814814814815
2 0.8341145833333333 0.36203703703703705 0.10989583333333333 0.3388888888888889
3 0.86171875 0.7430555555555556 0.0765625 0.30833333333333335
3 0.18307291666666667 0.7587962962962963 0.06197916666666667 0.27685185185185185
3 0.921875 0.38842592592592595 0.065625 0.2861111111111111
3 0.11770833333333333 0.41759259259259257 0.046875 0.2814814814814815
4 0.12578125 0.7597222222222222 0.049479166666666664 0.2212962962962963
4 0.9341145833333333 0.7166666666666667 0.06614583333333333 0.2074074074074074
5 0.06953125 0.7680555555555556 0.0578125 0.18611111111111112