0 0.5919270833333333 0.3125 0.18385416666666668 0.3675925925925926
0 0.40911458333333334 0.3143518518518518 0.17864583333333334 0.3675925925925926
1 0.37890625 0.8027777777777778 0.11510416666666666 0.337037037037037
1 0.7145833333333333 0.7953703703703704 0.09895833333333333 0.34074074074074073
1 0.26145833333333335 0.3074074074074074 0.11666666666666667 0.3055555555555556
1 0.74140625 0.3037037037037037 0.11510416666666666 0.3314814814814815
2 0.81875 0.8004629629629629 0.09791666666666667 0.3990740740740741
2 0.2716145833333333 0.8125 0.1046875 0.375
2 0.8513020833333333 0.31666666666666665 0.1046875 0.362962962962963
2 0.15651041666666668 0.34444444444444444 0.0953125 0.3648148148148148
3 0.9078125 0.7166666666666667 0.078125 0.19814814814814816
3 0.17890625 0.8134259259259259 0.07760416666666667 0.3101851851851852
3 0.07942708333333333 0.36944444444444446 0.058854166666666666 0.3296296296296296
3 0.9333333333333333 0.3458333333333333 0.059375 0.3101851851851852
4 0.10911458333333333 0.8263888888888888 0.0640625 0.26944444444444443
5 0.03854166666666667 0.8217592592592593 0.07708333333333334 0.1935185185185185