0 0.5515625 0.6606481481481481 0.10625 0.18611111111111112
0 0.44609375 0.6574074074074074 0.09947916666666666 0.19814814814814816
0 0.40651041666666665 0.37222222222222223 0.17864583333333334 0.37222222222222223
0 0.5875 0.3726851851851852 0.18125 0.38425925925925924
1 0.7434895833333334 0.36712962962962964 0.1328125 0.3731481481481482
1 0.66875 0.65 0.12604166666666666 0.26481481481481484
1 0.34348958333333335 0.6560185185185186 0.10364583333333334 0.18611111111111112
2 0.8690104166666667 0.36712962962962964 0.11302083333333333 0.39166666666666666
2 0.79453125 0.649074074074074 0.12239583333333333 0.37222222222222223
3 0.9627604166666667 0.3972222222222222 0.07447916666666667 0.32222222222222224
3 0.8950520833333333 0.6712962962962963 0.08697916666666666 0.2222222222222222
4 0.9708333333333333 0.6712962962962963 0.058333333333333334 0.2222222222222222