0 0.58359375 0.3143518518518518 0.17552083333333332 0.3435185185185185
0 0.4044270833333333 0.32175925925925924 0.1828125 0.3287037037037037
0 0.4796875 0.7731481481481481 0.11041666666666666 0.3055555555555556
0 0.59375 0.7763888888888889 0.115625 0.30833333333333335
1 0.7341145833333333 0.30648148148148147 0.12239583333333333 0.3314814814814815
1 0.25546875 0.3106481481481482 0.11510416666666666 0.32685185185185184
1 0.37083333333333335 0.7810185185185186 0.11041666666666666 0.3416666666666667
1 0.7078125 0.7824074074074074 0.1125 0.3148148148148148
2 0.2635416666666667 0.8087962962962963 0.096875 0.3824074074074074
2 0.8447916666666667 0.31712962962962965 0.096875 0.35833333333333334
2 0.15 0.3384259259259259 0.0875 0.3527777777777778
3 0.17135416666666667 0.8106481481481481 0.07916666666666666 0.3101851851851852
3 0.07239583333333334 0.37175925925925923 0.06041666666666667 0.2953703703703704
3 0.9268229166666667 0.33240740740740743 0.0671875 0.32222222222222224
4 0.10390625 0.8231481481481482 0.05364583333333333 0.2814814814814815
5 0.03854166666666667 0.8106481481481481 0.07708333333333334 0.21944444444444444