0 0.59296875 0.31574074074074077 0.17864583333333334 0.37037037037037035
0 0.41458333333333336 0.31805555555555554 0.17604166666666668 0.36018518518518516
1 0.3802083333333333 0.8087962962962963 0.115625 0.3101851851851852
1 0.71640625 0.8023148148148148 0.10885416666666667 0.32685185185185184
1 0.26614583333333336 0.3074074074074074 0.12083333333333333 0.3
1 0.7421875 0.31203703703703706 0.11979166666666667 0.3296296296296296
2 0.8528645833333334 0.32175925925925924 0.1015625 0.3731481481481482
2 0.15885416666666666 0.35185185185185186 0.09375 0.35555555555555557
2 0.27239583333333334 0.8171296296296297 0.09791666666666667 0.36574074074074076
2 0.8213541666666667 0.8004629629629629 0.09791666666666667 0.3990740740740741
3 0.07864583333333333 0.38287037037037036 0.06041666666666667 0.2935185185185185
3 0.18020833333333333 0.8291666666666667 0.08333333333333333 0.3416666666666667
3 0.9354166666666667 0.350462962962963 0.06354166666666666 0.3194444444444444
3 0.90859375 0.7263888888888889 0.0765625 0.1935185185185185
4 0.10911458333333333 0.8277777777777777 0.05677083333333333 0.2537037037037037
5 0.040364583333333336 0.8203703703703704 0.08072916666666667 0.2