0 0.4864583333333333 0.7893518518518519 0.1125 0.30092592592592593
0 0.5875 0.32083333333333336 0.18125 0.3509259259259259
0 0.41119791666666666 0.32314814814814813 0.17447916666666666 0.337037037037037
1 0.3763020833333333 0.8018518518518518 0.11302083333333333 0.3148148148148148
1 0.2635416666666667 0.3125 0.12083333333333333 0.30092592592592593
1 0.740625 0.30277777777777776 0.125 0.32037037037037036
2 0.26614583333333336 0.8148148148148148 0.10208333333333333 0.37037037037037035
2 0.8205729166666667 0.7981481481481482 0.1046875 0.3888888888888889
2 0.15651041666666668 0.3435185185185185 0.0953125 0.362962962962963
2 0.8549479166666667 0.31805555555555554 0.10052083333333334 0.36574074074074076
3 0.17578125 0.8337962962962963 0.0765625 0.33240740740740743
3 0.9111979166666667 0.7787037037037037 0.0734375 0.31296296296296294
3 0.08072916666666667 0.3851851851851852 0.05625 0.28888888888888886
3 0.9333333333333333 0.34675925925925927 0.059375 0.31203703703703706
4 0.10859375 0.8226851851851852 0.0578125 0.25277777777777777
5 0.03854166666666667 0.8333333333333334 0.07708333333333334 0.23148148148148148