0 0.47760416666666666 0.7921296296296296 0.10625 0.20092592592592592
0 0.5817708333333333 0.7768518518518519 0.10208333333333333 0.19814814814814816
0 0.41041666666666665 0.4217592592592593 0.17083333333333334 0.30092592592592593
0 0.5809895833333333 0.4041666666666667 0.16822916666666668 0.33611111111111114
1 0.6877604166666667 0.7643518518518518 0.1046875 0.21203703703703702
1 0.3736979166666667 0.7953703703703704 0.09947916666666666 0.21296296296296297
1 0.26901041666666664 0.4125 0.10989583333333333 0.2675925925925926
1 0.7200520833333334 0.37222222222222223 0.10989583333333333 0.3055555555555556
2 0.2755208333333333 0.7981481481481482 0.09166666666666666 0.24074074074074073
2 0.7911458333333333 0.7393518518518518 0.096875 0.25277777777777777
2 0.82109375 0.3490740740740741 0.0953125 0.34074074074074073
3 0.8703125 0.7324074074074074 0.08333333333333333 0.22407407407407406
3 0.19088541666666667 0.812037037037037 0.07760416666666667 0.21666666666666667
3 0.89921875 0.37222222222222223 0.0578125 0.2722222222222222
4 0.13203125 0.8277777777777777 0.06197916666666667 0.1962962962962963
5 0.06875 0.8361111111111111 0.08854166666666667 0.1648148148148148