0 0.596875 0.32083333333333336 0.18125 0.3416666666666667
0 0.41770833333333335 0.31203703703703706 0.17708333333333334 0.3537037037037037
0 0.496875 0.7787037037037037 0.12083333333333333 0.31296296296296294
0 0.6130208333333333 0.7870370370370371 0.11145833333333334 0.32407407407407407
1 0.7473958333333334 0.3074074074074074 0.11666666666666667 0.3296296296296296
1 0.2716145833333333 0.2962962962962963 0.11510416666666666 0.32222222222222224
1 0.7252604166666666 0.7791666666666667 0.11510416666666666 0.3175925925925926
1 0.3841145833333333 0.7810185185185186 0.1046875 0.32685185185185184
2 0.8575520833333333 0.3111111111111111 0.10052083333333334 0.37037037037037035
2 0.16328125 0.3384259259259259 0.0953125 0.36203703703703705
2 0.27760416666666665 0.8050925925925926 0.09791666666666667 0.38981481481481484
3 0.08645833333333333 0.37175925925925923 0.05625 0.30092592592592593
3 0.940625 0.34120370370370373 0.065625 0.30092592592592593
3 0.18697916666666667 0.799074074074074 0.08020833333333334 0.3
4 0.11588541666666667 0.8064814814814815 0.05677083333333333 0.24814814814814815
5 0.043229166666666666 0.8097222222222222 0.08645833333333333 0.20277777777777778