0 0.5653645833333333 0.649074074074074 0.1046875 0.14814814814814814
0 0.4635416666666667 0.6370370370370371 0.09895833333333333 0.17222222222222222
0 0.4239583333333333 0.39444444444444443 0.1625 0.31296296296296294
0 0.5921875 0.40046296296296297 0.171875 0.3435185185185185
1 0.675 0.6263888888888889 0.11145833333333334 0.2361111111111111
1 0.36354166666666665 0.6388888888888888 0.10104166666666667 0.21481481481481482
1 0.7375 0.36342592592592593 0.115625 0.32685185185185184
1 0.2877604166666667 0.37407407407407406 0.10989583333333333 0.29074074074074074
2 0.7815104166666667 0.5972222222222222 0.1046875 0.37962962962962965
2 0.84765625 0.3768518518518518 0.1046875 0.3537037037037037
2 0.19583333333333333 0.4101851851851852 0.07395833333333333 0.3537037037037037
3 0.8791666666666667 0.6513888888888889 0.0875 0.19537037037037036
3 0.9359375 0.3907407407407407 0.06979166666666667 0.3148148148148148
4 0.9502604166666667 0.6393518518518518 0.0546875 0.17685185185185184