5 0.04791666666666667 0.6833333333333333 0.06875 0.14629629629629629
4 0.10494791666666667 0.687962962962963 0.0484375 0.15555555555555556
4 0.9145833333333333 0.6273148148148148 0.059375 0.19166666666666668
3 0.16197916666666667 0.7037037037037037 0.065625 0.14814814814814814
3 0.8453125 0.6425925925925926 0.07916666666666666 0.21666666666666667
3 0.1015625 0.48518518518518516 0.046875 0.25555555555555554
3 0.90390625 0.41203703703703703 0.0640625 0.2722222222222222
2 0.76484375 0.6268518518518519 0.0953125 0.3388888888888889
2 0.24453125 0.6962962962962963 0.09947916666666666 0.3055555555555556
2 0.821875 0.4027777777777778 0.09375 0.32037037037037036
2 0.17109375 0.47314814814814815 0.0859375 0.31296296296296294
1 0.6588541666666666 0.6476851851851851 0.11145833333333334 0.22685185185185186
1 0.34270833333333334 0.6810185185185185 0.10208333333333333 0.2212962962962963
1 0.7138020833333333 0.4125 0.1140625 0.30092592592592593
1 0.26484375 0.44212962962962965 0.1015625 0.27870370370370373
0 0.4453125 0.6773148148148148 0.103125 0.14722222222222223
0 0.5481770833333334 0.6787037037037037 0.1046875 0.15
0 0.403125 0.4550925925925926 0.16875 0.30092592592592593
0 0.5690104166666666 0.44722222222222224 0.15989583333333332 0.31296296296296294