0 0.48776041666666664 0.7847222222222222 0.10989583333333333 0.3101851851851852
0 0.5989583333333334 0.7907407407407407 0.115625 0.32222222222222224
0 0.40963541666666664 0.30972222222222223 0.17447916666666666 0.3527777777777778
0 0.5869791666666667 0.31342592592592594 0.17708333333333334 0.36018518518518516
1 0.3734375 0.8004629629629629 0.115625 0.3175925925925926
1 0.26223958333333336 0.30972222222222223 0.11822916666666666 0.325
1 0.7372395833333333 0.29444444444444445 0.1234375 0.3314814814814815
2 0.2674479166666667 0.8023148148148148 0.09635416666666667 0.38425925925925924
2 0.15546875 0.34953703703703703 0.0953125 0.36018518518518516
2 0.8486979166666667 0.3143518518518518 0.09947916666666666 0.3675925925925926
3 0.178125 0.8111111111111111 0.084375 0.3055555555555556
3 0.9078125 0.7763888888888889 0.078125 0.3509259259259259
3 0.07552083333333333 0.37407407407407406 0.06145833333333333 0.29074074074074074
3 0.93203125 0.3398148148148148 0.06197916666666667 0.34074074074074073
4 0.10703125 0.8180555555555555 0.0546875 0.262037037037037
5 0.03854166666666667 0.8185185185185185 0.07708333333333334 0.21481481481481482