0 0.5614583333333333 0.6703703703703704 0.11041666666666666 0.1962962962962963
0 0.44817708333333334 0.6449074074074074 0.1140625 0.1787037037037037
0 0.4078125 0.37222222222222223 0.17604166666666668 0.362962962962963
0 0.5903645833333333 0.3731481481481482 0.18385416666666668 0.39814814814814814
1 0.3411458333333333 0.6569444444444444 0.08854166666666667 0.18796296296296297
1 0.6770833333333334 0.6537037037037037 0.12083333333333333 0.24814814814814815
1 0.7447916666666666 0.3662037037037037 0.12708333333333333 0.3509259259259259
2 0.865625 0.3768518518518518 0.11979166666666667 0.3814814814814815
2 0.7950520833333333 0.6615740740740741 0.11510416666666666 0.36018518518518516
3 0.9627604166666667 0.39351851851851855 0.07447916666666667 0.32407407407407407
3 0.8971354166666666 0.6712962962962963 0.0890625 0.21666666666666667
4 0.9721354166666667 0.6657407407407407 0.05572916666666667 0.22407407407407406