5 0.05807291666666667 0.8148148148148148 0.07760416666666667 0.18888888888888888
4 0.11979166666666667 0.8143518518518519 0.059375 0.21203703703703702
2 0.2635416666666667 0.8305555555555556 0.09375 0.3388888888888889
2 0.784375 0.774074074074074 0.09895833333333333 0.37407407407407406
2 0.8205729166666667 0.35138888888888886 0.09427083333333333 0.33611111111111114
1 0.3609375 0.8180555555555555 0.09791666666666667 0.2916666666666667
1 0.6796875 0.7856481481481481 0.11041666666666666 0.28425925925925927
1 0.7205729166666667 0.3648148148148148 0.10885416666666667 0.3055555555555556
3 0.18177083333333333 0.8180555555555555 0.075 0.27685185185185185
3 0.8604166666666667 0.7481481481481481 0.07916666666666666 0.28888888888888886
3 0.89921875 0.37222222222222223 0.06302083333333333 0.2722222222222222
3 0.09765625 0.4601851851851852 0.0546875 0.26296296296296295
0 0.46484375 0.7916666666666666 0.1046875 0.2574074074074074
0 0.5708333333333333 0.7921296296296296 0.10729166666666666 0.2675925925925926
0 0.41067708333333336 0.4134259259259259 0.16510416666666666 0.30833333333333335
0 0.58046875 0.3958333333333333 0.16927083333333334 0.325