0 0.56484375 0.6282407407407408 0.10885416666666667 0.14537037037037037
0 0.4231770833333333 0.38842592592592595 0.16614583333333333 0.3101851851851852
0 0.5924479166666666 0.39351851851851855 0.16927083333333334 0.32037037037037036
1 0.6729166666666667 0.6263888888888889 0.10729166666666666 0.2361111111111111
1 0.28880208333333335 0.3648148148148148 0.1046875 0.3
1 0.7346354166666667 0.36435185185185187 0.11822916666666666 0.3101851851851852
2 0.78515625 0.5819444444444445 0.1140625 0.3861111111111111
2 0.19713541666666667 0.3875 0.0765625 0.36944444444444446
2 0.846875 0.36944444444444446 0.103125 0.3574074074074074
3 0.8825520833333333 0.6453703703703704 0.08072916666666667 0.18888888888888888
3 0.9348958333333334 0.38287037037037036 0.075 0.2935185185185185
4 0.9510416666666667 0.6282407407407408 0.05625 0.1935185185185185