5 0.052083333333333336 0.6893518518518519 0.06875 0.1287037037037037
4 0.1125 0.7 0.05 0.15
4 0.9213541666666667 0.6333333333333333 0.05625 0.18333333333333332
3 0.11041666666666666 0.4949074074074074 0.051041666666666666 0.2601851851851852
3 0.16822916666666668 0.7175925925925926 0.059375 0.14814814814814814
3 0.9104166666666667 0.41712962962962963 0.05625 0.25277777777777777
3 0.8546875 0.6583333333333333 0.07395833333333333 0.1962962962962963
2 0.8291666666666667 0.3972222222222222 0.10625 0.3314814814814815
2 0.7708333333333334 0.6222222222222222 0.09375 0.362962962962963
2 0.17760416666666667 0.47685185185185186 0.08333333333333333 0.32407407407407407
2 0.2513020833333333 0.7152777777777778 0.09947916666666666 0.27685185185185185
1 0.7213541666666666 0.41944444444444445 0.10729166666666666 0.3055555555555556
1 0.27421875 0.44583333333333336 0.1046875 0.2824074074074074
1 0.34791666666666665 0.6833333333333333 0.096875 0.22592592592592592
1 0.6635416666666667 0.6717592592592593 0.115625 0.20277777777777778
0 0.40859375 0.46296296296296297 0.1640625 0.3055555555555556
0 0.5791666666666667 0.45092592592592595 0.17708333333333334 0.3296296296296296
0 0.45 0.6884259259259259 0.096875 0.14537037037037037
0 0.55234375 0.687962962962963 0.1046875 0.15