0 0.6036458333333333 0.7870370370370371 0.11666666666666667 0.2962962962962963
0 0.4890625 0.7796296296296297 0.115625 0.2814814814814815
0 0.59296875 0.3277777777777778 0.17864583333333334 0.34074074074074073
0 0.4125 0.32685185185185184 0.18229166666666666 0.3388888888888889
1 0.3763020833333333 0.8013888888888889 0.10989583333333333 0.3194444444444444
1 0.26223958333333336 0.3 0.11302083333333333 0.3148148148148148
1 0.7447916666666666 0.3050925925925926 0.11979166666666667 0.325
2 0.2674479166666667 0.8162037037037037 0.09635416666666667 0.3675925925925926
2 0.15729166666666666 0.3458333333333333 0.09375 0.3527777777777778
2 0.8546875 0.3194444444444444 0.09791666666666667 0.362962962962963
3 0.18151041666666667 0.8314814814814815 0.07760416666666667 0.337037037037037
3 0.9111979166666667 0.7777777777777778 0.08177083333333333 0.32037037037037036
3 0.08072916666666667 0.38472222222222224 0.05625 0.28425925925925927
3 0.93828125 0.34120370370370373 0.06302083333333333 0.3101851851851852
4 0.1125 0.8134259259259259 0.057291666666666664 0.21944444444444444
5 0.04244791666666667 0.8208333333333333 0.08489583333333334 0.21944444444444444