0 0.59375 0.3277777777777778 0.18020833333333333 0.3314814814814815
0 0.41510416666666666 0.32685185185185184 0.17708333333333334 0.3296296296296296
1 0.3809895833333333 0.8087962962962963 0.11927083333333334 0.325
1 0.7192708333333333 0.8060185185185185 0.11145833333333334 0.325
1 0.26614583333333336 0.3037037037037037 0.115625 0.31296296296296294
1 0.7434895833333334 0.3111111111111111 0.1171875 0.31666666666666665
2 0.8520833333333333 0.3148148148148148 0.09791666666666667 0.362962962962963
2 0.16015625 0.350462962962963 0.09635416666666667 0.35833333333333334
2 0.8247395833333333 0.8027777777777778 0.09947916666666666 0.39444444444444443
2 0.2716145833333333 0.8134259259259259 0.09947916666666666 0.3731481481481482
3 0.9119791666666667 0.7287037037037037 0.075 0.19814814814814816
3 0.18020833333333333 0.8240740740740741 0.08333333333333333 0.3037037037037037
3 0.07942708333333333 0.3875 0.058854166666666666 0.27870370370370373
3 0.93359375 0.3490740740740741 0.0671875 0.31296296296296294
4 0.10911458333333333 0.8148148148148148 0.05364583333333333 0.2462962962962963
5 0.04114583333333333 0.8375 0.08229166666666667 0.2101851851851852