5 0.08567708333333333 0.8430555555555556 0.08697916666666666 0.1787037037037037
4 0.15130208333333334 0.8564814814814815 0.06822916666666666 0.21481481481481482
3 0.8903645833333333 0.7703703703703704 0.08072916666666667 0.26296296296296295
3 0.21171875 0.8527777777777777 0.0765625 0.2740740740740741
3 0.12265625 0.4888888888888889 0.058854166666666666 0.2537037037037037
3 0.9234375 0.38981481481481484 0.05520833333333333 0.2740740740740741
2 0.8130208333333333 0.8013888888888889 0.09270833333333334 0.3435185185185185
2 0.2950520833333333 0.8481481481481481 0.0953125 0.3037037037037037
2 0.8481770833333333 0.37546296296296294 0.0953125 0.33240740740740743
1 0.39296875 0.8555555555555555 0.10052083333333334 0.28888888888888886
1 0.7127604166666667 0.825462962962963 0.10885416666666667 0.27685185185185185
1 0.29713541666666665 0.42685185185185187 0.11302083333333333 0.2814814814814815
1 0.7432291666666667 0.3912037037037037 0.11145833333333334 0.30092592592592593
0 0.49635416666666665 0.8361111111111111 0.103125 0.25555555555555554
0 0.60390625 0.8324074074074074 0.10885416666666667 0.2722222222222222
0 0.4393229166666667 0.4361111111111111 0.16614583333333333 0.3055555555555556
0 0.6052083333333333 0.4217592592592593 0.1625 0.3194444444444444