0 0.603125 0.7967592592592593 0.11770833333333333 0.3194444444444444
0 0.4890625 0.7921296296296296 0.11041666666666666 0.3194444444444444
0 0.5908854166666667 0.3194444444444444 0.17447916666666666 0.34444444444444444
0 0.4125 0.30648148148148147 0.17708333333333334 0.3648148148148148
1 0.26328125 0.31342592592592594 0.11822916666666666 0.30277777777777776
1 0.7401041666666667 0.300462962962963 0.12395833333333334 0.325
1 0.3776041666666667 0.7944444444444444 0.115625 0.32037037037037036
2 0.26953125 0.8064814814814815 0.0984375 0.387037037037037
2 0.15598958333333332 0.3333333333333333 0.09427083333333333 0.37222222222222223
2 0.8536458333333333 0.3087962962962963 0.103125 0.36018518518518516
3 0.9145833333333333 0.7680555555555556 0.08020833333333334 0.325
3 0.18046875 0.8134259259259259 0.07239583333333334 0.3101851851851852
3 0.08020833333333334 0.37546296296296294 0.052083333333333336 0.30833333333333335
3 0.9361979166666666 0.3435185185185185 0.058854166666666666 0.3148148148148148
4 0.11380208333333333 0.8203703703703704 0.06302083333333333 0.2574074074074074
5 0.03984375 0.8300925925925926 0.0796875 0.21944444444444444