5 0.08541666666666667 0.8527777777777777 0.09791666666666667 0.17962962962962964
4 0.15078125 0.8541666666666666 0.0671875 0.2101851851851852
3 0.12317708333333334 0.4861111111111111 0.0578125 0.24814814814814815
3 0.9239583333333333 0.39814814814814814 0.06145833333333333 0.2722222222222222
3 0.20859375 0.8587962962962963 0.07239583333333334 0.2824074074074074
3 0.88984375 0.775 0.0765625 0.2722222222222222
0 0.6059895833333333 0.4217592592592593 0.16927083333333334 0.3194444444444444
0 0.43671875 0.4375 0.16614583333333333 0.30277777777777776
0 0.49375 0.837037037037037 0.10625 0.26296296296296295
0 0.60234375 0.8300925925925926 0.10885416666666667 0.262037037037037
1 0.29713541666666665 0.4300925925925926 0.11302083333333333 0.26944444444444443
1 0.7453125 0.3907407407407407 0.10729166666666666 0.2962962962962963
1 0.3924479166666667 0.8541666666666666 0.09947916666666666 0.2916666666666667
1 0.7106770833333333 0.8240740740740741 0.1046875 0.2796296296296296
2 0.84609375 0.3763888888888889 0.09427083333333333 0.33425925925925926
2 0.2942708333333333 0.8388888888888889 0.09375 0.32222222222222224
2 0.8098958333333334 0.8027777777777778 0.096875 0.34074074074074073