5 0.04869791666666667 0.6736111111111112 0.0671875 0.12685185185185185
4 0.10703125 0.6893518518518519 0.049479166666666664 0.14722222222222223
4 0.9158854166666667 0.6319444444444444 0.05677083333333333 0.18611111111111112
3 0.1640625 0.7074074074074074 0.06458333333333334 0.15925925925925927
3 0.8486979166666667 0.6425925925925926 0.07760416666666667 0.2074074074074074
3 0.1015625 0.4842592592592593 0.046875 0.26296296296296295
3 0.90390625 0.4101851851851852 0.0640625 0.28703703703703703
2 0.7635416666666667 0.6222222222222222 0.09270833333333334 0.34814814814814815
2 0.24401041666666667 0.7046296296296296 0.0953125 0.28888888888888886
2 0.17369791666666667 0.4699074074074074 0.09114583333333333 0.3194444444444444
2 0.8213541666666667 0.39351851851851855 0.09791666666666667 0.3388888888888889
1 0.34348958333333335 0.6782407407407407 0.10364583333333334 0.20277777777777778
1 0.6583333333333333 0.6560185185185186 0.12083333333333333 0.19537037037037036
1 0.26901041666666664 0.43842592592592594 0.1046875 0.27685185185185185
1 0.71328125 0.4134259259259259 0.11822916666666666 0.30277777777777776
0 0.4473958333333333 0.6782407407407407 0.10208333333333333 0.14537037037037037
0 0.5486979166666667 0.6759259259259259 0.10052083333333334 0.15
0 0.40651041666666665 0.4564814814814815 0.16822916666666668 0.3037037037037037
0 0.5721354166666667 0.44583333333333336 0.1640625 0.3101851851851852