0 0.4953125 0.7810185185185186 0.11145833333333334 0.2935185185185185
0 0.6098958333333333 0.7837962962962963 0.12083333333333333 0.30833333333333335
0 0.4197916666666667 0.32175925925925924 0.18958333333333333 0.35833333333333334
0 0.6002604166666666 0.32037037037037036 0.17447916666666666 0.3648148148148148
1 0.26536458333333335 0.32083333333333336 0.1140625 0.2935185185185185
1 0.7481770833333333 0.3074074074074074 0.11822916666666666 0.3388888888888889
1 0.38619791666666664 0.7967592592592593 0.10052083333333334 0.325
2 0.28098958333333335 0.8101851851851852 0.1078125 0.37962962962962965
2 0.1609375 0.34675925925925927 0.09270833333333334 0.36574074074074076
2 0.8583333333333333 0.32083333333333336 0.10729166666666666 0.375
3 0.18697916666666667 0.8314814814814815 0.075 0.337037037037037
3 0.91875 0.7898148148148149 0.078125 0.34814814814814815
3 0.084375 0.37777777777777777 0.052083333333333336 0.29814814814814816
3 0.9432291666666667 0.34074074074074073 0.06041666666666667 0.32407407407407407
4 0.11927083333333334 0.8157407407407408 0.06041666666666667 0.24814814814814815
4 0.038802083333333334 0.4148148148148148 0.0390625 0.24814814814814815
5 0.043229166666666666 0.8300925925925926 0.08645833333333333 0.2101851851851852