5 0.0484375 0.6944444444444444 0.06979166666666667 0.14814814814814814
4 0.10833333333333334 0.7 0.046875 0.15
4 0.9197916666666667 0.6449074074074074 0.05625 0.1787037037037037
3 0.9059895833333333 0.4185185185185185 0.06302083333333333 0.27037037037037037
3 0.10572916666666667 0.4925925925925926 0.05520833333333333 0.26481481481481484
3 0.16276041666666666 0.7166666666666667 0.058854166666666666 0.15555555555555556
3 0.8528645833333334 0.6666666666666666 0.08072916666666667 0.2037037037037037
2 0.17369791666666667 0.4777777777777778 0.08072916666666667 0.3314814814814815
2 0.24453125 0.725462962962963 0.09947916666666666 0.27685185185185185
2 0.8221354166666667 0.4027777777777778 0.09947916666666666 0.3296296296296296
2 0.7643229166666666 0.6319444444444444 0.09114583333333333 0.3490740740740741
1 0.7158854166666667 0.41712962962962963 0.11822916666666666 0.30092592592592593
1 0.2703125 0.44351851851851853 0.10729166666666666 0.2722222222222222
1 0.34609375 0.6888888888888889 0.10052083333333334 0.21481481481481482
1 0.6588541666666666 0.6638888888888889 0.11666666666666667 0.19814814814814816
0 0.40572916666666664 0.4587962962962963 0.16354166666666667 0.30277777777777776
0 0.5723958333333333 0.45555555555555555 0.16666666666666666 0.32037037037037036
0 0.44479166666666664 0.6865740740740741 0.096875 0.1527777777777778
0 0.5479166666666667 0.6921296296296297 0.10208333333333333 0.1527777777777778