4 0.13932291666666666 0.837037037037037 0.06822916666666666 0.19074074074074074
5 0.07083333333333333 0.8384259259259259 0.08958333333333333 0.18425925925925926
3 0.8716145833333333 0.737037037037037 0.0859375 0.22407407407407406
3 0.19713541666666667 0.8171296296296297 0.0765625 0.21203703703703702
3 0.8984375 0.37777777777777777 0.059375 0.2740740740740741
2 0.27838541666666666 0.799074074074074 0.0859375 0.2388888888888889
2 0.7955729166666666 0.7453703703703703 0.0953125 0.26481481481481484
2 0.821875 0.35833333333333334 0.09375 0.32222222222222224
1 0.3736979166666667 0.7981481481481482 0.09947916666666666 0.2222222222222222
1 0.6932291666666667 0.7814814814814814 0.10729166666666666 0.2074074074074074
1 0.2674479166666667 0.4050925925925926 0.11302083333333333 0.27685185185185185
1 0.71796875 0.3625 0.10572916666666667 0.30092592592592593
0 0.478125 0.799074074074074 0.10208333333333333 0.22037037037037038
0 0.5856770833333333 0.7847222222222222 0.10989583333333333 0.20092592592592592
0 0.40989583333333335 0.41944444444444445 0.171875 0.2962962962962963
0 0.58046875 0.40046296296296297 0.16927083333333334 0.325