0 0.5924479166666666 0.31342592592592594 0.1796875 0.3509259259259259
0 0.41302083333333334 0.32314814814814813 0.17604166666666668 0.337037037037037
0 0.49244791666666665 0.7847222222222222 0.1140625 0.30092592592592593
0 0.6036458333333333 0.7861111111111111 0.11145833333333334 0.3037037037037037
1 0.7171875 0.7814814814814814 0.115625 0.32222222222222224
1 0.38177083333333334 0.7930555555555555 0.10729166666666666 0.32685185185185184
1 0.7427083333333333 0.29768518518518516 0.1125 0.325
1 0.26484375 0.3023148148148148 0.11822916666666666 0.3101851851851852
2 0.15598958333333332 0.35555555555555557 0.09114583333333333 0.3388888888888889
2 0.2721354166666667 0.8078703703703703 0.10364583333333334 0.38425925925925924
2 0.8513020833333333 0.3194444444444444 0.1046875 0.37222222222222223
3 0.9346354166666667 0.3458333333333333 0.06197916666666667 0.30092592592592593
3 0.08020833333333334 0.37546296296296294 0.057291666666666664 0.29907407407407405
3 0.18177083333333333 0.8111111111111111 0.075 0.3055555555555556
4 0.1125 0.8074074074074075 0.06041666666666667 0.23148148148148148
5 0.03984375 0.8101851851851852 0.0796875 0.19814814814814816