5 0.06822916666666666 0.8375 0.0875 0.17685185185185184
4 0.13203125 0.837037037037037 0.06197916666666667 0.20555555555555555
1 0.37604166666666666 0.8347222222222223 0.10208333333333333 0.2916666666666667
1 0.6953125 0.8037037037037037 0.11145833333333334 0.2814814814814815
1 0.2721354166666667 0.39814814814814814 0.10572916666666667 0.29074074074074074
1 0.7171875 0.36435185185185187 0.10208333333333333 0.30092592592592593
3 0.87421875 0.7574074074074074 0.07552083333333333 0.2740740740740741
3 0.1921875 0.837037037037037 0.075 0.26296296296296295
3 0.89921875 0.37175925925925923 0.0578125 0.27685185185185185
2 0.278125 0.8398148148148148 0.09375 0.32037037037037036
2 0.7966145833333333 0.7787037037037037 0.09114583333333333 0.337037037037037
2 0.8197916666666667 0.35138888888888886 0.09791666666666667 0.33611111111111114
0 0.48020833333333335 0.8171296296296297 0.10625 0.26944444444444443
0 0.5869791666666667 0.8134259259259259 0.10729166666666666 0.262037037037037
0 0.5809895833333333 0.3921296296296296 0.16822916666666668 0.31203703703703706
0 0.41119791666666666 0.4125 0.16927083333333334 0.30092592592592593