0 0.3333333333333333 0.6388888888888888 0.10208333333333333 0.2388888888888889
0 0.6596354166666667 0.6226851851851852 0.1234375 0.24351851851851852
0 0.25729166666666664 0.36944444444444446 0.10625 0.3
0 0.72109375 0.37916666666666665 0.11822916666666666 0.325
1 0.5434895833333333 0.6532407407407408 0.10885416666666667 0.17685185185185184
1 0.43671875 0.6356481481481482 0.1078125 0.1638888888888889
1 0.5708333333333333 0.39351851851851855 0.18020833333333333 0.3388888888888889
1 0.3963541666666667 0.39351851851851855 0.171875 0.3296296296296296
2 0.23385416666666667 0.6643518518518519 0.096875 0.32685185185185184
2 0.76953125 0.625 0.09635416666666667 0.37222222222222223
2 0.16276041666666666 0.3861111111111111 0.08072916666666667 0.362962962962963
2 0.8346354166666666 0.37777777777777777 0.10572916666666667 0.35555555555555557
3 0.15338541666666666 0.6796296296296296 0.06197916666666667 0.21481481481481482
3 0.8643229166666667 0.6583333333333333 0.09010416666666667 0.2
3 0.9260416666666667 0.3921296296296296 0.07395833333333333 0.31203703703703706
3 0.0984375 0.4125 0.042708333333333334 0.2916666666666667