0 0.4627604166666667 0.6402777777777777 0.10364583333333334 0.16018518518518518
0 0.565625 0.637962962962963 0.096875 0.15925925925925927
0 0.4205729166666667 0.40324074074074073 0.16614583333333333 0.3101851851851852
0 0.58984375 0.4041666666666667 0.16927083333333334 0.31203703703703706
1 0.36223958333333334 0.6439814814814815 0.0953125 0.23425925925925925
1 0.6708333333333333 0.6393518518518518 0.10625 0.21944444444444444
1 0.28567708333333336 0.3888888888888889 0.0984375 0.2722222222222222
1 0.73203125 0.3861111111111111 0.11822916666666666 0.2962962962962963
2 0.7838541666666666 0.6069444444444444 0.11145833333333334 0.36574074074074076
2 0.2674479166666667 0.6532407407407408 0.09635416666666667 0.2861111111111111
2 0.196875 0.4078703703703704 0.07916666666666666 0.3435185185185185
2 0.84609375 0.3787037037037037 0.1046875 0.3388888888888889
3 0.87578125 0.6597222222222222 0.07760416666666667 0.22685185185185186
3 0.184375 0.6712962962962963 0.06979166666666667 0.15925925925925927
3 0.13046875 0.43148148148148147 0.05364583333333333 0.3055555555555556
3 0.9359375 0.38472222222222224 0.075 0.32685185185185184
4 0.9455729166666667 0.6537037037037037 0.058854166666666666 0.2