0 0.3346354166666667 0.6259259259259259 0.09635416666666667 0.21666666666666667
0 0.6588541666666666 0.6560185185185186 0.10833333333333334 0.18611111111111112
0 0.25885416666666666 0.36203703703703705 0.10104166666666667 0.3055555555555556
0 0.7184895833333333 0.37777777777777777 0.1234375 0.3314814814814815
1 0.5486979166666667 0.6537037037037037 0.10572916666666667 0.1814814814814815
1 0.43984375 0.6453703703703704 0.10885416666666667 0.17407407407407408
1 0.39505208333333336 0.3814814814814815 0.17447916666666666 0.3574074074074074
1 0.56953125 0.3814814814814815 0.16927083333333334 0.362962962962963
2 0.23723958333333334 0.6560185185185186 0.10572916666666667 0.3101851851851852
2 0.76875 0.624537037037037 0.11666666666666667 0.3435185185185185
2 0.165625 0.3921296296296296 0.08333333333333333 0.3453703703703704
2 0.83515625 0.37546296296296294 0.1046875 0.35648148148148145
3 0.09973958333333334 0.40925925925925927 0.04010416666666667 0.28888888888888886
3 0.1515625 0.6643518518518519 0.06041666666666667 0.1787037037037037
3 0.8651041666666667 0.6546296296296297 0.08333333333333333 0.19814814814814816
3 0.92734375 0.3875 0.0734375 0.3175925925925926