0 0.4609375 0.6333333333333333 0.10208333333333333 0.15925925925925927
0 0.5661458333333333 0.6439814814814815 0.10625 0.15833333333333333
0 0.4231770833333333 0.3958333333333333 0.16927083333333334 0.31574074074074077
0 0.5903645833333333 0.399537037037037 0.16822916666666668 0.32685185185185184
1 0.6783854166666666 0.625 0.11302083333333333 0.22962962962962963
1 0.7346354166666667 0.3768518518518518 0.11822916666666666 0.32407407407407407
1 0.28828125 0.38842592592592595 0.10052083333333334 0.2916666666666667
2 0.7885416666666667 0.6013888888888889 0.10208333333333333 0.3675925925925926
2 0.1984375 0.39351851851851855 0.07916666666666666 0.3055555555555556
2 0.8510416666666667 0.38472222222222224 0.11145833333333334 0.3509259259259259
3 0.88125 0.6583333333333333 0.08333333333333333 0.19074074074074074
3 0.93671875 0.399537037037037 0.06302083333333333 0.28425925925925927
4 0.9497395833333333 0.6365740740740741 0.05364583333333333 0.18611111111111112