0 0.47421875 0.7787037037037037 0.1078125 0.27037037037037037
0 0.5822916666666667 0.7796296296296297 0.10833333333333334 0.2814814814814815
0 0.43072916666666666 0.39444444444444443 0.16770833333333332 0.32222222222222224
0 0.5979166666666667 0.3958333333333333 0.16666666666666666 0.325
1 0.37213541666666666 0.788425925925926 0.09635416666666667 0.29907407407407405
1 0.6911458333333333 0.7847222222222222 0.11145833333333334 0.3101851851851852
1 0.2955729166666667 0.37777777777777777 0.09947916666666666 0.3037037037037037
1 0.7416666666666667 0.3731481481481482 0.12083333333333333 0.3074074074074074
2 0.27265625 0.788425925925926 0.0859375 0.36574074074074076
2 0.7963541666666667 0.7814814814814814 0.096875 0.3888888888888889
2 0.20234375 0.3958333333333333 0.08489583333333334 0.325
2 0.8544270833333333 0.3648148148148148 0.1046875 0.34444444444444444
3 0.19583333333333333 0.7819444444444444 0.065625 0.27685185185185185
3 0.8822916666666667 0.7680555555555556 0.075 0.33425925925925926
3 0.13854166666666667 0.43148148148148147 0.04583333333333333 0.26296296296296295
3 0.94296875 0.3875 0.07239583333333334 0.2935185185185185
4 0.9536458333333333 0.7300925925925926 0.06458333333333334 0.20092592592592592
4 0.14453125 0.7916666666666666 0.044270833333333336 0.24814814814814815
5 0.08880208333333334 0.7810185185185186 0.0671875 0.18425925925925926