0 0.3359375 0.6305555555555555 0.09895833333333333 0.24074074074074073
0 0.6575520833333334 0.6305555555555555 0.11927083333333334 0.24074074074074073
0 0.25677083333333334 0.37777777777777777 0.10729166666666666 0.29814814814814816
0 0.72109375 0.3699074074074074 0.11822916666666666 0.33425925925925926
1 0.5421875 0.6550925925925926 0.10625 0.16944444444444445
1 0.4393229166666667 0.6393518518518518 0.09635416666666667 0.16203703703703703
1 0.39505208333333336 0.3958333333333333 0.16614583333333333 0.33425925925925926
1 0.5708333333333333 0.3907407407407407 0.17708333333333334 0.362962962962963
2 0.23723958333333334 0.6537037037037037 0.10572916666666667 0.2962962962962963
2 0.77109375 0.6236111111111111 0.10989583333333333 0.36574074074074076
2 0.16276041666666666 0.39814814814814814 0.07760416666666667 0.3388888888888889
2 0.83515625 0.37777777777777777 0.1046875 0.3611111111111111
3 0.15208333333333332 0.6643518518518519 0.059375 0.1787037037037037
3 0.8643229166666667 0.6689814814814815 0.08177083333333333 0.2212962962962963
3 0.10104166666666667 0.41388888888888886 0.04791666666666667 0.28888888888888886
3 0.9260416666666667 0.3972222222222222 0.07083333333333333 0.31296296296296294