5 0.04921875 0.6893518518518519 0.06302083333333333 0.1287037037037037
4 0.9166666666666666 0.6402777777777777 0.05520833333333333 0.18425925925925926
4 0.10520833333333333 0.6962962962962963 0.04583333333333333 0.1574074074074074
3 0.8489583333333334 0.6546296296296297 0.08333333333333333 0.23148148148148148
3 0.16354166666666667 0.7074074074074074 0.07083333333333333 0.17407407407407408
3 0.10520833333333333 0.4935185185185185 0.051041666666666666 0.26666666666666666
3 0.9044270833333333 0.4222222222222222 0.06822916666666666 0.26296296296296295
2 0.76015625 0.6305555555555555 0.09427083333333333 0.34629629629629627
2 0.24401041666666667 0.7097222222222223 0.09010416666666667 0.275
2 0.17369791666666667 0.47453703703703703 0.0859375 0.3101851851851852
2 0.82265625 0.4041666666666667 0.0953125 0.33611111111111114
1 0.34348958333333335 0.6893518518518519 0.10364583333333334 0.20462962962962963
1 0.6583333333333333 0.6523148148148148 0.115625 0.24166666666666667
1 0.26953125 0.45185185185185184 0.10885416666666667 0.27037037037037037
1 0.7119791666666667 0.41944444444444445 0.12083333333333333 0.2962962962962963
0 0.4453125 0.6861111111111111 0.09791666666666667 0.14074074074074075
0 0.5486979166666667 0.687037037037037 0.10572916666666667 0.1574074074074074
0 0.40572916666666664 0.4638888888888889 0.16354166666666667 0.3037037037037037
0 0.56953125 0.44907407407407407 0.1640625 0.32222222222222224