0 0.46015625 0.6333333333333333 0.10052083333333334 0.1648148148148148
0 0.56171875 0.6365740740740741 0.1046875 0.16203703703703703
0 0.42265625 0.3912037037037037 0.16510416666666666 0.325
0 0.5908854166666667 0.3921296296296296 0.16927083333333334 0.33611111111111114
1 0.6716145833333333 0.6282407407407408 0.11510416666666666 0.21203703703703702
1 0.35885416666666664 0.6342592592592593 0.096875 0.2
1 0.2890625 0.3731481481481482 0.10208333333333333 0.3037037037037037
1 0.7354166666666667 0.3800925925925926 0.11979166666666667 0.3175925925925926
2 0.26276041666666666 0.6333333333333333 0.0984375 0.2740740740740741
2 0.7828125 0.5986111111111111 0.10208333333333333 0.35833333333333334
2 0.19557291666666668 0.39814814814814814 0.08177083333333333 0.34814814814814815
2 0.846875 0.37407407407407406 0.103125 0.34814814814814815
3 0.8770833333333333 0.65 0.08020833333333334 0.2074074074074074
3 0.9354166666666667 0.3912037037037037 0.065625 0.30092592592592593
4 0.9481770833333333 0.6324074074074074 0.06197916666666667 0.19074074074074074