0 0.4627604166666667 0.6296296296296297 0.10364583333333334 0.16296296296296298
0 0.5619791666666667 0.6430555555555556 0.09270833333333334 0.16018518518518518
0 0.421875 0.3921296296296296 0.16875 0.31203703703703706
0 0.5921875 0.40046296296296297 0.171875 0.325
1 0.6736979166666667 0.6333333333333333 0.10572916666666667 0.2222222222222222
1 0.73828125 0.37453703703703706 0.1140625 0.3101851851851852
1 0.28515625 0.38981481481481484 0.1046875 0.29444444444444445
2 0.784375 0.6069444444444444 0.115625 0.36944444444444446
2 0.85078125 0.3685185185185185 0.10364583333333334 0.37037037037037035
2 0.19375 0.41712962962962963 0.075 0.3287037037037037
3 0.88046875 0.6537037037037037 0.0765625 0.2
3 0.9372395833333333 0.39351851851851855 0.0671875 0.32037037037037036
4 0.9502604166666667 0.6439814814814815 0.06302083333333333 0.18055555555555555