0 0.40989583333333335 0.475462962962963 0.16145833333333334 0.2935185185185185
0 0.5770833333333333 0.45694444444444443 0.17291666666666666 0.3175925925925926
0 0.45 0.6925925925925925 0.096875 0.14074074074074075
0 0.5528645833333333 0.6944444444444444 0.1140625 0.1574074074074074
1 0.721875 0.42777777777777776 0.11145833333333334 0.29814814814814816
1 0.2734375 0.4532407407407407 0.103125 0.27685185185185185
1 0.35078125 0.6939814814814815 0.1046875 0.20462962962962963
1 0.6635416666666667 0.675 0.1125 0.20555555555555555
2 0.17630208333333333 0.48518518518518516 0.0859375 0.31296296296296294
2 0.8247395833333333 0.4162037037037037 0.09114583333333333 0.32685185185185184
2 0.24869791666666666 0.7194444444444444 0.09427083333333333 0.26481481481481484
2 0.7682291666666666 0.6356481481481482 0.09375 0.3509259259259259
3 0.10651041666666666 0.49722222222222223 0.0484375 0.2740740740740741
3 0.90859375 0.425462962962963 0.07135416666666666 0.275
3 0.85546875 0.6652777777777777 0.07552083333333333 0.2101851851851852
3 0.16796875 0.7166666666666667 0.0671875 0.15925925925925927
4 0.11041666666666666 0.7060185185185185 0.04583333333333333 0.14351851851851852
4 0.9213541666666667 0.6569444444444444 0.05625 0.1787037037037037
5 0.05260416666666667 0.6986111111111111 0.06979166666666667 0.1287037037037037