5 0.06015625 0.7 0.06302083333333333 0.14074074074074075
4 0.9278645833333333 0.6513888888888889 0.05364583333333333 0.17685185185185184
4 0.11458333333333333 0.7083333333333334 0.042708333333333334 0.14814814814814814
3 0.8604166666666667 0.6703703703703704 0.07916666666666666 0.21481481481481482
3 0.1734375 0.7310185185185185 0.06979166666666667 0.18425925925925926
3 0.11432291666666666 0.5055555555555555 0.0484375 0.2722222222222222
3 0.9145833333333333 0.43148148148148147 0.06666666666666667 0.2574074074074074
2 0.7721354166666666 0.6462962962962963 0.09114583333333333 0.362962962962963
2 0.25625 0.7347222222222223 0.09791666666666667 0.27685185185185185
2 0.18020833333333333 0.4949074074074074 0.078125 0.31203703703703706
2 0.8341145833333333 0.4217592592592593 0.09635416666666667 0.3194444444444444
1 0.66953125 0.6861111111111111 0.1140625 0.19814814814814816
1 0.35494791666666664 0.7037037037037037 0.09947916666666666 0.20555555555555555
1 0.2796875 0.4638888888888889 0.11041666666666666 0.2796296296296296
1 0.7244791666666667 0.4398148148148148 0.11666666666666667 0.3037037037037037
0 0.45755208333333336 0.7037037037037037 0.10364583333333334 0.1388888888888889
0 0.559375 0.7037037037037037 0.10625 0.1388888888888889
0 0.4171875 0.48148148148148145 0.1625 0.3055555555555556
0 0.5830729166666667 0.4685185185185185 0.16927083333333334 0.3277777777777778