0 0.596875 0.300462962962963 0.18125 0.3675925925925926
0 0.41640625 0.3023148148148148 0.1796875 0.3675925925925926
0 0.49635416666666665 0.774074074074074 0.11145833333333334 0.32222222222222224
0 0.6098958333333333 0.7754629629629629 0.115625 0.325
1 0.746875 0.29074074074074074 0.115625 0.3388888888888889
1 0.26484375 0.3013888888888889 0.11822916666666666 0.3175925925925926
1 0.38697916666666665 0.7791666666666667 0.11041666666666666 0.3509259259259259
1 0.7231770833333333 0.7754629629629629 0.1140625 0.3194444444444444
2 0.8549479166666667 0.31203703703703706 0.10364583333333334 0.37222222222222223
2 0.15807291666666667 0.33935185185185185 0.0921875 0.36018518518518516
2 0.27838541666666666 0.8004629629629629 0.1046875 0.3990740740740741
3 0.9375 0.3314814814814815 0.06145833333333333 0.32037037037037036
3 0.08072916666666667 0.37083333333333335 0.05625 0.30833333333333335
3 0.184375 0.8023148148148148 0.08020833333333334 0.32685185185185184
4 0.11328125 0.8064814814814815 0.06197916666666667 0.24814814814814815
5 0.040364583333333336 0.8162037037037037 0.08072916666666667 0.21944444444444444