5 0.08359375 0.8375 0.09427083333333333 0.18611111111111112
4 0.14869791666666668 0.8375 0.06302083333333333 0.2101851851851852
2 0.81171875 0.7930555555555555 0.0953125 0.3509259259259259
2 0.29583333333333334 0.8412037037037037 0.09375 0.3175925925925926
2 0.846875 0.3648148148148148 0.09270833333333334 0.3388888888888889
3 0.21119791666666668 0.8490740740740741 0.07760416666666667 0.2814814814814815
3 0.8890625 0.7712962962962963 0.078125 0.28888888888888886
3 0.9213541666666667 0.37777777777777777 0.05625 0.2740740740740741
3 0.12526041666666668 0.4759259259259259 0.058854166666666666 0.24074074074074073
1 0.39114583333333336 0.8361111111111111 0.096875 0.28888888888888886
1 0.7098958333333333 0.8111111111111111 0.10833333333333334 0.28703703703703703
1 0.30026041666666664 0.4162037037037037 0.10885416666666667 0.28425925925925927
1 0.7447916666666666 0.37777777777777777 0.11458333333333333 0.3074074074074074
0 0.49557291666666664 0.8157407407407408 0.1046875 0.2574074074074074
0 0.6018229166666667 0.8111111111111111 0.10989583333333333 0.26296296296296295
0 0.4393229166666667 0.42685185185185187 0.16927083333333334 0.3055555555555556
0 0.60703125 0.41388888888888886 0.1640625 0.32222222222222224