0 0.446875 0.637962962962963 0.103125 0.17407407407407408
0 0.5588541666666667 0.6583333333333333 0.12083333333333333 0.19074074074074074
0 0.40989583333333335 0.3837962962962963 0.17708333333333334 0.3435185185185185
0 0.590625 0.3837962962962963 0.18125 0.3675925925925926
1 0.6802083333333333 0.6370370370370371 0.11145833333333334 0.2722222222222222
1 0.3385416666666667 0.6592592592592592 0.09375 0.19814814814814816
1 0.746875 0.37407407407407406 0.13125 0.34814814814814815
2 0.7953125 0.6356481481481482 0.12083333333333333 0.35648148148148145
2 0.8703125 0.3824074074074074 0.115625 0.37037037037037035
3 0.9645833333333333 0.40185185185185185 0.07083333333333333 0.32222222222222224
3 0.89921875 0.6787037037037037 0.08697916666666666 0.21666666666666667
4 0.9713541666666666 0.6689814814814815 0.057291666666666664 0.1935185185185185