5 0.06744791666666666 0.8277777777777777 0.09427083333333333 0.19074074074074074
4 0.12942708333333333 0.8337962962962963 0.07239583333333334 0.20833333333333334
1 0.37421875 0.8337962962962963 0.10052083333333334 0.2935185185185185
1 0.69296875 0.7981481481481482 0.1046875 0.2796296296296296
1 0.27421875 0.3958333333333333 0.1078125 0.27685185185185185
1 0.71796875 0.3611111111111111 0.10885416666666667 0.29814814814814816
3 0.19244791666666666 0.8361111111111111 0.08072916666666667 0.26481481481481484
3 0.8716145833333333 0.7513888888888889 0.0859375 0.2712962962962963
3 0.9026041666666667 0.36712962962962964 0.06145833333333333 0.27685185185185185
2 0.27760416666666665 0.8398148148148148 0.08958333333333333 0.32037037037037036
2 0.7963541666666667 0.774074074074074 0.096875 0.34629629629629627
2 0.8221354166666667 0.34675925925925927 0.09947916666666666 0.33611111111111114
0 0.47708333333333336 0.8064814814814815 0.10208333333333333 0.24814814814814815
0 0.5838541666666667 0.8060185185185185 0.11145833333333334 0.2675925925925926
0 0.4125 0.4125 0.16666666666666666 0.30092592592592593
0 0.57890625 0.3972222222222222 0.16614583333333333 0.31296296296296294