0 0.45598958333333334 0.6402777777777777 0.10052083333333334 0.1787037037037037
0 0.5559895833333334 0.6365740740740741 0.09947916666666666 0.17685185185185184
0 0.58515625 0.38472222222222224 0.1703125 0.32685185185185184
0 0.41119791666666666 0.3837962962962963 0.17760416666666667 0.33425925925925926
1 0.6669270833333333 0.6236111111111111 0.11927083333333334 0.21203703703703702
1 0.35625 0.6212962962962963 0.096875 0.2074074074074074
1 0.7291666666666666 0.35648148148148145 0.115625 0.32222222222222224
1 0.2747395833333333 0.3527777777777778 0.0953125 0.3055555555555556
2 0.77890625 0.5962962962962963 0.1046875 0.3574074074074074
2 0.26067708333333334 0.6324074074074074 0.09947916666666666 0.2814814814814815
2 0.8434895833333333 0.3574074074074074 0.10989583333333333 0.362962962962963
2 0.18697916666666667 0.38055555555555554 0.08333333333333333 0.35555555555555557
3 0.8721354166666667 0.6416666666666667 0.0765625 0.20555555555555555
3 0.9328125 0.3800925925925926 0.06875 0.2935185185185185
4 0.9427083333333334 0.6287037037037037 0.06145833333333333 0.18888888888888888