0 0.340625 0.637962962962963 0.103125 0.21666666666666667
0 0.65546875 0.6333333333333333 0.11510416666666666 0.25555555555555554
0 0.25677083333333334 0.36944444444444446 0.10208333333333333 0.3
0 0.7205729166666667 0.3699074074074074 0.12447916666666667 0.33425925925925926
1 0.540625 0.649537037037037 0.10625 0.16944444444444445
1 0.43671875 0.6449074074074074 0.09635416666666667 0.16944444444444445
1 0.39375 0.3888888888888889 0.16354166666666667 0.3388888888888889
1 0.5690104166666666 0.3814814814814815 0.17864583333333334 0.3537037037037037
2 0.7674479166666667 0.6259259259259259 0.1140625 0.34629629629629627
2 0.23802083333333332 0.6509259259259259 0.10729166666666666 0.2814814814814815
2 0.1640625 0.3912037037037037 0.08333333333333333 0.35833333333333334
2 0.8372395833333334 0.36944444444444446 0.1140625 0.362962962962963
3 0.15208333333333332 0.6712962962962963 0.05625 0.18888888888888888
3 0.8638020833333333 0.6583333333333333 0.0859375 0.20925925925925926
3 0.9307291666666667 0.39814814814814814 0.06666666666666667 0.3111111111111111
3 0.1015625 0.4125 0.046875 0.2824074074074074