5 0.08697916666666666 0.8458333333333333 0.09270833333333334 0.18425925925925926
4 0.15 0.8458333333333333 0.065625 0.21203703703703702
3 0.9221354166666667 0.387037037037037 0.0578125 0.28888888888888886
3 0.12317708333333334 0.48518518518518516 0.06614583333333333 0.2462962962962963
3 0.21119791666666668 0.8458333333333333 0.07552083333333333 0.2601851851851852
3 0.8877604166666667 0.774074074074074 0.08072916666666667 0.27037037037037037
1 0.29635416666666664 0.42314814814814816 0.11145833333333334 0.2796296296296296
1 0.7440104166666667 0.3875 0.10989583333333333 0.30277777777777776
1 0.39114583333333336 0.8495370370370371 0.10208333333333333 0.30092592592592593
1 0.7098958333333333 0.8157407407407408 0.10625 0.28703703703703703
2 0.84609375 0.3731481481481482 0.09427083333333333 0.3277777777777778
2 0.29244791666666664 0.8481481481481481 0.0953125 0.3037037037037037
2 0.8125 0.8 0.09375 0.34629629629629627
0 0.43723958333333335 0.4351851851851852 0.1703125 0.3074074074074074
0 0.6057291666666667 0.42314814814814816 0.16666666666666666 0.31296296296296294
0 0.49713541666666666 0.8245370370370371 0.1046875 0.2601851851851852
0 0.6033854166666667 0.8263888888888888 0.1046875 0.2601851851851852