0 0.4546875 0.6902777777777778 0.103125 0.16018518518518518
0 0.5567708333333333 0.6921296296296297 0.09791666666666667 0.1527777777777778
0 0.5776041666666667 0.4527777777777778 0.171875 0.3296296296296296
0 0.4119791666666667 0.4564814814814815 0.1625 0.3074074074074074
1 0.3533854166666667 0.7013888888888888 0.09635416666666667 0.20092592592592592
1 0.665625 0.675 0.121875 0.21481481481481482
1 0.7221354166666667 0.4185185185185185 0.1140625 0.31666666666666665
1 0.275 0.45046296296296295 0.103125 0.2916666666666667
2 0.2596354166666667 0.7189814814814814 0.1046875 0.30277777777777776
2 0.7690104166666667 0.6486111111111111 0.08697916666666666 0.3527777777777778
2 0.1796875 0.48055555555555557 0.0875 0.31296296296296294
2 0.8294270833333334 0.4050925925925926 0.10052083333333334 0.33425925925925926
3 0.1703125 0.7263888888888889 0.07395833333333333 0.1787037037037037
3 0.85546875 0.6675925925925926 0.07760416666666667 0.19074074074074074
3 0.10833333333333334 0.4912037037037037 0.05520833333333333 0.2712962962962963
3 0.90859375 0.41712962962962963 0.0578125 0.2916666666666667
4 0.9260416666666667 0.6416666666666667 0.06145833333333333 0.1814814814814815
4 0.1109375 0.7143518518518519 0.046875 0.175
5 0.05286458333333333 0.6976851851851852 0.0671875 0.14166666666666666