5 0.04869791666666667 0.687962962962963 0.0671875 0.14074074074074075
4 0.11041666666666666 0.6916666666666667 0.051041666666666666 0.1425925925925926
4 0.9200520833333333 0.6310185185185185 0.05364583333333333 0.18425925925925926
3 0.8541666666666666 0.6347222222222222 0.078125 0.21944444444444444
3 0.16614583333333333 0.6986111111111111 0.06354166666666666 0.14351851851851852
3 0.10833333333333334 0.49027777777777776 0.05520833333333333 0.2601851851851852
3 0.9059895833333333 0.4125 0.06822916666666666 0.2490740740740741
2 0.17552083333333332 0.4685185185185185 0.084375 0.31666666666666665
2 0.24739583333333334 0.7037037037037037 0.09895833333333333 0.2722222222222222
2 0.7674479166666667 0.6125 0.09010416666666667 0.3675925925925926
2 0.8247395833333333 0.39814814814814814 0.09427083333333333 0.32037037037037036
1 0.7171875 0.4125 0.115625 0.2953703703703704
1 0.2703125 0.44074074074074077 0.10208333333333333 0.2722222222222222
1 0.34609375 0.6796296296296296 0.10052083333333334 0.21481481481481482
1 0.66171875 0.6606481481481481 0.1140625 0.20462962962962963
0 0.40651041666666665 0.45185185185185184 0.16510416666666666 0.3074074074074074
0 0.5734375 0.4412037037037037 0.16666666666666666 0.3194444444444444
0 0.4473958333333333 0.675 0.10208333333333333 0.14814814814814814
0 0.55078125 0.6759259259259259 0.1046875 0.15555555555555556