0 0.5768229166666666 0.8111111111111111 0.10885416666666667 0.26666666666666666
0 0.4700520833333333 0.812037037037037 0.1046875 0.26481481481481484
0 0.41510416666666666 0.42314814814814816 0.16666666666666666 0.3037037037037037
0 0.5838541666666667 0.41388888888888886 0.1625 0.3314814814814815
1 0.36484375 0.8347222222222223 0.10364583333333334 0.2861111111111111
1 0.6856770833333333 0.8111111111111111 0.10885416666666667 0.2962962962962963
1 0.72265625 0.37777777777777777 0.11510416666666666 0.3074074074074074
1 0.2755208333333333 0.41388888888888886 0.1125 0.29814814814814816
2 0.26901041666666664 0.8388888888888889 0.09114583333333333 0.32222222222222224
2 0.7877604166666666 0.7930555555555555 0.0921875 0.36574074074074076
2 0.8286458333333333 0.3625 0.09375 0.3435185185185185
3 0.184375 0.837037037037037 0.075 0.2722222222222222
3 0.8622395833333333 0.7671296296296296 0.0828125 0.2935185185185185
3 0.9057291666666667 0.38101851851851853 0.06041666666666667 0.27685185185185185
4 0.12109375 0.8375 0.05364583333333333 0.22870370370370371
5 0.05546875 0.8421296296296297 0.07552083333333333 0.20092592592592592