0 0.3341145833333333 0.6273148148148148 0.0953125 0.23425925925925925
0 0.6546875 0.6282407407407408 0.11666666666666667 0.25092592592592594
0 0.2559895833333333 0.36203703703703705 0.10885416666666667 0.3055555555555556
0 0.72109375 0.3768518518518518 0.1234375 0.3148148148148148
1 0.5427083333333333 0.6550925925925926 0.10208333333333333 0.16944444444444445
1 0.43984375 0.6393518518518518 0.0953125 0.16203703703703703
1 0.39765625 0.3837962962962963 0.16927083333333334 0.3490740740740741
1 0.5723958333333333 0.3912037037037037 0.171875 0.3527777777777778
2 0.2328125 0.6509259259259259 0.10208333333333333 0.2814814814814815
2 0.7697916666666667 0.6157407407407407 0.10729166666666666 0.37222222222222223
2 0.16223958333333333 0.3958333333333333 0.0765625 0.33425925925925926
2 0.83515625 0.37916666666666665 0.1046875 0.3527777777777778
3 0.15078125 0.6550925925925926 0.05677083333333333 0.16944444444444445
3 0.8635416666666667 0.6597222222222222 0.08020833333333334 0.20277777777777778
3 0.09973958333333334 0.4027777777777778 0.0453125 0.29074074074074074
3 0.9260416666666667 0.3907407407407407 0.07083333333333333 0.3148148148148148