0 0.5963541666666666 0.3837962962962963 0.18020833333333333 0.3675925925925926
0 0.41380208333333335 0.3824074074074074 0.1796875 0.3648148148148148
0 0.4513020833333333 0.65 0.10989583333333333 0.17407407407407408
0 0.565625 0.6537037037037037 0.115625 0.17222222222222222
1 0.7520833333333333 0.3768518518518518 0.12916666666666668 0.34814814814814815
1 0.67890625 0.6425925925925926 0.10885416666666667 0.2462962962962963
1 0.34739583333333335 0.6643518518518519 0.0875 0.1935185185185185
2 0.7950520833333333 0.6356481481481482 0.1234375 0.38425925925925924
2 0.8716145833333333 0.3851851851851852 0.10989583333333333 0.37037037037037035
3 0.9653645833333333 0.3958333333333333 0.06927083333333334 0.325
3 0.8997395833333334 0.6796296296296296 0.0859375 0.22407407407407406
4 0.9721354166666667 0.662962962962963 0.05572916666666667 0.21481481481481482