0 0.5567708333333333 0.6606481481481481 0.11145833333333334 0.18611111111111112
0 0.44609375 0.6476851851851851 0.1046875 0.18796296296296297
0 0.4046875 0.37546296296296294 0.171875 0.35648148148148145
0 0.5869791666666667 0.3814814814814815 0.18541666666666667 0.362962962962963
1 0.6770833333333334 0.6462962962962963 0.1125 0.26296296296296295
1 0.33984375 0.6615740740740741 0.09114583333333333 0.1787037037037037
1 0.7442708333333333 0.3648148148148148 0.12083333333333333 0.34444444444444444
2 0.8638020833333333 0.37407407407407406 0.11822916666666666 0.387037037037037
2 0.79375 0.6296296296296297 0.11770833333333333 0.3907407407407407
3 0.9614583333333333 0.40046296296296297 0.07708333333333334 0.31574074074074077
3 0.8963541666666667 0.6736111111111112 0.084375 0.2175925925925926
4 0.9692708333333333 0.663425925925926 0.06145833333333333 0.2101851851851852