0 0.4953125 0.774074074074074 0.11145833333333334 0.31296296296296294
0 0.6080729166666666 0.7754629629629629 0.1140625 0.3101851851851852
0 0.5963541666666666 0.3162037037037037 0.18020833333333333 0.3509259259259259
0 0.41848958333333336 0.32407407407407407 0.17552083333333332 0.32407407407407407
1 0.7221354166666667 0.7810185185185186 0.1140625 0.33611111111111114
1 0.74609375 0.3050925925925926 0.12239583333333333 0.325
1 0.27005208333333336 0.3060185185185185 0.11822916666666666 0.32685185185185184
1 0.3848958333333333 0.7930555555555555 0.11145833333333334 0.32685185185185184
2 0.85546875 0.31666666666666665 0.09635416666666667 0.37222222222222223
2 0.1609375 0.3398148148148148 0.09270833333333334 0.37962962962962965
2 0.2755208333333333 0.8041666666666667 0.10729166666666666 0.39166666666666666
3 0.18307291666666667 0.8087962962962963 0.07760416666666667 0.3194444444444444
3 0.08229166666666667 0.3763888888888889 0.059375 0.30092592592592593
3 0.9359375 0.3347222222222222 0.06458333333333334 0.3175925925925926
4 0.11328125 0.8157407407407408 0.058854166666666666 0.26666666666666666
5 0.04114583333333333 0.8231481481481482 0.08229166666666667 0.22962962962962963