5 0.06197916666666667 0.8351851851851851 0.08333333333333333 0.19074074074074074
4 0.12994791666666666 0.8300925925925926 0.06614583333333333 0.20092592592592592
3 0.18958333333333333 0.8314814814814815 0.06979166666666667 0.2740740740740741
3 0.86640625 0.763425925925926 0.08072916666666667 0.2916666666666667
3 0.10572916666666667 0.4671296296296296 0.05520833333333333 0.27685185185185185
3 0.9065104166666667 0.3814814814814815 0.058854166666666666 0.2722222222222222
2 0.2716145833333333 0.8361111111111111 0.09427083333333333 0.3277777777777778
2 0.7893229166666667 0.788425925925926 0.0953125 0.36018518518518516
2 0.18151041666666667 0.4532407407407407 0.09114583333333333 0.3194444444444444
2 0.8268229166666666 0.3648148148148148 0.0953125 0.3296296296296296
1 0.36770833333333336 0.8277777777777777 0.09791666666666667 0.29074074074074074
1 0.6903645833333333 0.8027777777777778 0.10989583333333333 0.2796296296296296
1 0.7260416666666667 0.3800925925925926 0.10625 0.30277777777777776
0 0.47291666666666665 0.8111111111111111 0.11041666666666666 0.26666666666666666
0 0.5817708333333333 0.8060185185185185 0.10729166666666666 0.2675925925925926
0 0.4197916666666667 0.42777777777777776 0.16770833333333332 0.3037037037037037
0 0.58828125 0.41574074074074074 0.16614583333333333 0.32222222222222224