0 0.4895833333333333 0.7787037037037037 0.11145833333333334 0.2833333333333333
0 0.5924479166666666 0.31851851851851853 0.17760416666666667 0.3314814814814815
0 0.4125 0.31851851851851853 0.18229166666666666 0.3314814814814815
1 0.37890625 0.799074074074074 0.10989583333333333 0.3111111111111111
1 0.2640625 0.2953703703703704 0.11145833333333334 0.32407407407407407
1 0.74140625 0.30833333333333335 0.1234375 0.32222222222222224
2 0.2721354166666667 0.8148148148148148 0.0953125 0.37037037037037035
2 0.8260416666666667 0.7870370370370371 0.10729166666666666 0.37222222222222223
2 0.15885416666666666 0.3458333333333333 0.096875 0.35833333333333334
2 0.8528645833333334 0.3087962962962963 0.1015625 0.36574074074074076
3 0.18307291666666667 0.8097222222222222 0.07760416666666667 0.2935185185185185
3 0.9171875 0.7680555555555556 0.075 0.3101851851851852
3 0.08098958333333334 0.38472222222222224 0.05364583333333333 0.28425925925925927
3 0.9354166666666667 0.33611111111111114 0.06354166666666666 0.3055555555555556
4 0.11302083333333333 0.8148148148148148 0.05625 0.24074074074074073
5 0.04114583333333333 0.8208333333333333 0.08229166666666667 0.2101851851851852