0 0.5932291666666667 0.38842592592592595 0.18125 0.3768518518518518
0 0.41302083333333334 0.37777777777777777 0.17604166666666668 0.37407407407407406
0 0.4473958333333333 0.6513888888888889 0.11041666666666666 0.17685185185185184
0 0.5575520833333333 0.6675925925925926 0.11302083333333333 0.1814814814814815
1 0.7494791666666667 0.37083333333333335 0.12916666666666668 0.3416666666666667
1 0.6796875 0.6560185185185186 0.12083333333333333 0.25277777777777777
1 0.3419270833333333 0.6726851851851852 0.09010416666666667 0.2101851851851852
2 0.8703125 0.3824074074074074 0.11041666666666666 0.37037037037037035
2 0.79765625 0.6537037037037037 0.11822916666666666 0.3814814814814815
3 0.9627604166666667 0.39444444444444443 0.07447916666666667 0.35555555555555557
3 0.8997395833333334 0.675 0.0859375 0.20925925925925926
4 0.9708333333333333 0.6717592592592593 0.058333333333333334 0.20277777777777778