0 0.6057291666666667 0.8013888888888889 0.1125 0.31574074074074077
0 0.4908854166666667 0.7861111111111111 0.1140625 0.28888888888888886
0 0.41119791666666666 0.3194444444444444 0.1796875 0.34444444444444444
0 0.5932291666666667 0.31666666666666665 0.18125 0.362962962962963
1 0.37838541666666664 0.8018518518518518 0.10885416666666667 0.3055555555555556
1 0.26484375 0.3087962962962963 0.11510416666666666 0.31203703703703706
1 0.74296875 0.3037037037037037 0.11822916666666666 0.34074074074074073
2 0.2734375 0.8171296296296297 0.09270833333333334 0.36574074074074076
2 0.15729166666666666 0.35509259259259257 0.096875 0.3675925925925926
2 0.8549479166666667 0.31666666666666665 0.10572916666666667 0.37222222222222223
3 0.18359375 0.8134259259259259 0.08177083333333333 0.30092592592592593
3 0.9119791666666667 0.7796296296296297 0.075 0.3055555555555556
3 0.07864583333333333 0.3800925925925926 0.06041666666666667 0.2935185185185185
3 0.93828125 0.3458333333333333 0.06302083333333333 0.325
4 0.11380208333333333 0.8180555555555555 0.0578125 0.23425925925925925
5 0.04244791666666667 0.8189814814814815 0.0828125 0.20277777777777778