0 0.5533854166666666 0.6689814814814815 0.10989583333333333 0.20277777777777778
0 0.4434895833333333 0.6453703703703704 0.1046875 0.18888888888888888
0 0.4005208333333333 0.3814814814814815 0.18541666666666667 0.3333333333333333
0 0.5869791666666667 0.3912037037037037 0.18020833333333333 0.3527777777777778
1 0.6736979166666667 0.6476851851851851 0.12447916666666667 0.2361111111111111
1 0.33984375 0.6574074074074074 0.09114583333333333 0.19814814814814816
1 0.74609375 0.3763888888888889 0.1359375 0.33425925925925926
2 0.7924479166666667 0.6523148148148148 0.11822916666666666 0.36018518518518516
2 0.8697916666666666 0.38981481481481484 0.11145833333333334 0.37407407407407406
3 0.9627604166666667 0.4074074074074074 0.07447916666666667 0.3388888888888889
3 0.8971354166666666 0.6810185185185185 0.0859375 0.20833333333333334
4 0.9708333333333333 0.6796296296296296 0.058333333333333334 0.1962962962962963