0 0.60390625 0.788425925925926 0.1140625 0.30277777777777776
0 0.49244791666666665 0.7824074074074074 0.10885416666666667 0.28703703703703703
0 0.5916666666666667 0.32222222222222224 0.18645833333333334 0.3388888888888889
0 0.4125 0.32037037037037036 0.175 0.3314814814814815
1 0.3807291666666667 0.7967592592592593 0.11145833333333334 0.3101851851851852
1 0.2674479166666667 0.3125 0.11822916666666666 0.3101851851851852
1 0.74140625 0.3074074074074074 0.11510416666666666 0.3296296296296296
2 0.27291666666666664 0.8162037037037037 0.096875 0.3675925925925926
2 0.15885416666666666 0.350462962962963 0.096875 0.36203703703703705
2 0.85078125 0.31574074074074077 0.10052083333333334 0.3648148148148148
3 0.18229166666666666 0.8060185185185185 0.07604166666666666 0.27685185185185185
3 0.9098958333333333 0.7703703703703704 0.08229166666666667 0.3
3 0.08072916666666667 0.37777777777777777 0.05625 0.2833333333333333
3 0.9341145833333333 0.3398148148148148 0.06302083333333333 0.31296296296296294
4 0.11328125 0.812037037037037 0.058854166666666666 0.23148148148148148
5 0.040364583333333336 0.8157407407407408 0.08072916666666667 0.2