0 0.68359375 0.6305555555555555 0.11302083333333333 0.2222222222222222
0 0.7583333333333333 0.36944444444444446 0.125 0.3296296296296296
1 0.5669270833333333 0.6462962962962963 0.11510416666666666 0.16296296296296298
1 0.4513020833333333 0.6333333333333333 0.1046875 0.1648148148148148
1 0.41640625 0.37916666666666665 0.16927083333333334 0.3490740740740741
1 0.59765625 0.3787037037037037 0.18802083333333333 0.362962962962963
2 0.8 0.6310185185185185 0.11666666666666667 0.375
2 0.8736979166666666 0.37546296296296294 0.10364583333333334 0.36944444444444446
3 0.9013020833333333 0.6680555555555555 0.0859375 0.2101851851851852
3 0.9653645833333333 0.3837962962962963 0.06927083333333334 0.3194444444444444
4 0.97265625 0.6523148148148148 0.0546875 0.20833333333333334