0 0.4661458333333333 0.6370370370370371 0.09375 0.16666666666666666
0 0.5690104166666666 0.6449074074074074 0.10885416666666667 0.16018518518518518
0 0.42864583333333334 0.39444444444444443 0.16145833333333334 0.31296296296296294
0 0.5958333333333333 0.4041666666666667 0.17083333333333334 0.32685185185185184
1 0.6763020833333333 0.6175925925925926 0.10572916666666667 0.2388888888888889
1 0.36875 0.6439814814814815 0.09791666666666667 0.18055555555555555
1 0.29375 0.3800925925925926 0.10833333333333334 0.2935185185185185
1 0.74296875 0.3800925925925926 0.1234375 0.3175925925925926
2 0.7864583333333334 0.6078703703703704 0.11145833333333334 0.3675925925925926
2 0.27578125 0.6462962962962963 0.0859375 0.22407407407407406
2 0.19713541666666667 0.4101851851851852 0.07135416666666666 0.3296296296296296
2 0.8549479166666667 0.3800925925925926 0.10052083333333334 0.3416666666666667
3 0.88515625 0.6476851851851851 0.0859375 0.1935185185185185
3 0.9416666666666667 0.39490740740740743 0.06979166666666667 0.28425925925925927
4 0.95625 0.6439814814814815 0.059375 0.20462962962962963