0 0.44479166666666664 0.65 0.10729166666666666 0.17962962962962964
0 0.5541666666666667 0.6537037037037037 0.103125 0.17222222222222222
0 0.39505208333333336 0.36712962962962964 0.19635416666666666 0.3731481481481482
0 0.58984375 0.37037037037037035 0.1828125 0.3888888888888889
1 0.7447916666666666 0.36203703703703705 0.12708333333333333 0.37222222222222223
1 0.675 0.6439814814814815 0.121875 0.2490740740740741
1 0.3385416666666667 0.6606481481481481 0.09375 0.18611111111111112
2 0.865625 0.37037037037037035 0.11666666666666667 0.3888888888888889
2 0.7924479166666667 0.6356481481481482 0.11510416666666666 0.39351851851851855
3 0.9619791666666667 0.39814814814814814 0.07604166666666666 0.3296296296296296
3 0.8958333333333334 0.675 0.09166666666666666 0.22407407407407406
4 0.9708333333333333 0.6615740740740741 0.058333333333333334 0.20277777777777778