0 0.5559895833333334 0.6856481481481481 0.09947916666666666 0.15462962962962962
0 0.45416666666666666 0.6805555555555556 0.09895833333333333 0.14074074074074075
0 0.41119791666666666 0.45416666666666666 0.16927083333333334 0.31203703703703706
0 0.58046875 0.4532407407407407 0.16927083333333334 0.3194444444444444
1 0.6627604166666666 0.6611111111111111 0.10885416666666667 0.21481481481481482
1 0.35703125 0.6810185185185185 0.0953125 0.22685185185185186
1 0.7239583333333334 0.4125 0.11770833333333333 0.3101851851851852
1 0.2734375 0.43842592592592594 0.103125 0.2861111111111111
2 0.7703125 0.6333333333333333 0.103125 0.34074074074074073
2 0.26015625 0.7050925925925926 0.10052083333333334 0.2935185185185185
2 0.8346354166666666 0.39351851851851855 0.10364583333333334 0.34814814814814815
2 0.18020833333333333 0.45740740740740743 0.08333333333333333 0.3388888888888889
3 0.8609375 0.6666666666666666 0.075 0.19814814814814816
3 0.17421875 0.712037037037037 0.0734375 0.1648148148148148
3 0.11432291666666666 0.4722222222222222 0.0484375 0.2962962962962963
3 0.9145833333333333 0.4185185185185185 0.05416666666666667 0.2833333333333333
4 0.9247395833333333 0.6486111111111111 0.05260416666666667 0.17685185185185184
4 0.11197916666666667 0.7013888888888888 0.051041666666666666 0.16203703703703703