0 0.46145833333333336 0.687037037037037 0.10104166666666667 0.28703703703703703
0 0.56640625 0.6833333333333333 0.10885416666666667 0.28888888888888886
0 0.41302083333333334 0.38842592592592595 0.1625 0.3101851851851852
0 0.5802083333333333 0.38842592592592595 0.171875 0.3101851851851852
1 0.6755208333333333 0.6976851851851852 0.10729166666666666 0.30277777777777776
1 0.3614583333333333 0.7083333333333334 0.09166666666666666 0.3148148148148148
1 0.7247395833333333 0.36342592592592593 0.1140625 0.31203703703703706
1 0.28072916666666664 0.3680555555555556 0.10208333333333333 0.2935185185185185
2 0.7822916666666667 0.7037037037037037 0.10625 0.37777777777777777
2 0.265625 0.7226851851851852 0.084375 0.3861111111111111
2 0.18489583333333334 0.3921296296296296 0.08958333333333333 0.3416666666666667
2 0.8346354166666666 0.3685185185185185 0.10885416666666667 0.34629629629629627
3 0.875 0.6810185185185185 0.07604166666666666 0.27870370370370373
3 0.18776041666666668 0.7273148148148149 0.07135416666666666 0.3101851851851852
3 0.12057291666666667 0.4078703703703704 0.0359375 0.3101851851851852
3 0.9255208333333333 0.37777777777777777 0.06979166666666667 0.3074074074074074
4 0.946875 0.6847222222222222 0.06145833333333333 0.22870370370370371