0 0.4908854166666667 0.788425925925926 0.10885416666666667 0.2935185185185185
0 0.6018229166666667 0.7893518518518519 0.11510416666666666 0.30092592592592593
0 0.41041666666666665 0.3143518518518518 0.18125 0.33425925925925926
0 0.5924479166666666 0.3162037037037037 0.1796875 0.3509259259259259
1 0.37890625 0.8037037037037037 0.11822916666666666 0.3388888888888889
1 0.26145833333333335 0.29907407407407405 0.11458333333333333 0.31296296296296294
1 0.740625 0.300462962962963 0.11666666666666667 0.325
2 0.2674479166666667 0.8148148148148148 0.09635416666666667 0.37037037037037035
2 0.8286458333333333 0.7944444444444444 0.096875 0.4111111111111111
2 0.15598958333333332 0.33935185185185185 0.09427083333333333 0.36018518518518516
2 0.8515625 0.3101851851851852 0.09895833333333333 0.362962962962963
3 0.9153645833333334 0.7847222222222222 0.07135416666666666 0.3287037037037037
3 0.17760416666666667 0.8064814814814815 0.078125 0.2962962962962963
3 0.07890625 0.37916666666666665 0.0546875 0.2916666666666667
3 0.9333333333333333 0.34074074074074073 0.06458333333333334 0.32037037037037036
4 0.10833333333333334 0.8162037037037037 0.05520833333333333 0.24351851851851852
5 0.04088541666666667 0.8231481481481482 0.07447916666666667 0.20555555555555555