0 0.6104166666666667 0.774074074074074 0.11666666666666667 0.31666666666666665
0 0.4984375 0.7717592592592593 0.1125 0.31203703703703706
0 0.5997395833333333 0.30972222222222223 0.17864583333333334 0.3527777777777778
0 0.41770833333333335 0.32407407407407407 0.17708333333333334 0.32407407407407407
1 0.7252604166666666 0.7851851851851852 0.10989583333333333 0.3388888888888889
1 0.38828125 0.7824074074074074 0.11302083333333333 0.32037037037037036
1 0.27005208333333336 0.31203703703703706 0.11822916666666666 0.2962962962962963
1 0.7481770833333333 0.29907407407407405 0.11822916666666666 0.337037037037037
2 0.28177083333333336 0.8027777777777778 0.09791666666666667 0.39444444444444443
2 0.16276041666666666 0.3490740740740741 0.09114583333333333 0.37037037037037035
2 0.8609375 0.31712962962962965 0.10208333333333333 0.3675925925925926
3 0.19166666666666668 0.8064814814814815 0.07916666666666666 0.3148148148148148
3 0.08619791666666667 0.37453703703703706 0.06197916666666667 0.3101851851851852
3 0.9427083333333334 0.34444444444444444 0.059375 0.31666666666666665
4 0.12109375 0.8074074074074075 0.06197916666666667 0.25555555555555554
5 0.05078125 0.8087962962962963 0.07135416666666666 0.19537037037037036