5 0.05260416666666667 0.6796296296296296 0.06979166666666667 0.1388888888888889
4 0.10989583333333333 0.687037037037037 0.046875 0.13333333333333333
4 0.9231770833333334 0.6416666666666667 0.0578125 0.1814814814814815
3 0.16484375 0.7106481481481481 0.06302083333333333 0.16203703703703703
3 0.85546875 0.6486111111111111 0.07552083333333333 0.2101851851851852
3 0.10989583333333333 0.4898148148148148 0.05520833333333333 0.25555555555555554
3 0.909375 0.41574074074074074 0.06979166666666667 0.26481481481481484
2 0.24921875 0.7152777777777778 0.10052083333333334 0.27685185185185185
2 0.76875 0.6296296296296297 0.09270833333333334 0.3537037037037037
2 0.17890625 0.4708333333333333 0.08072916666666667 0.33240740740740743
2 0.8247395833333333 0.3990740740740741 0.09947916666666666 0.3314814814814815
1 0.34739583333333335 0.6833333333333333 0.09583333333333334 0.21666666666666667
1 0.6635416666666667 0.6694444444444444 0.115625 0.19814814814814816
1 0.2716145833333333 0.44722222222222224 0.1046875 0.26481481481481484
1 0.7192708333333333 0.4185185185185185 0.10833333333333334 0.29814814814814816
0 0.44817708333333334 0.6819444444444445 0.10052083333333334 0.14351851851851852
0 0.5520833333333334 0.6819444444444445 0.10208333333333333 0.1527777777777778
0 0.40911458333333334 0.4601851851851852 0.16822916666666668 0.3
0 0.5796875 0.44583333333333336 0.17083333333333334 0.3194444444444444