0 0.3333333333333333 0.637962962962963 0.09895833333333333 0.23703703703703705
0 0.6572916666666667 0.637962962962963 0.11145833333333334 0.23703703703703705
0 0.25625 0.37222222222222223 0.09791666666666667 0.3055555555555556
0 0.72109375 0.3731481481481482 0.1234375 0.31666666666666665
1 0.5434895833333333 0.6523148148148148 0.1140625 0.1935185185185185
1 0.4375 0.6342592592592593 0.09791666666666667 0.16666666666666666
1 0.5721354166666667 0.3912037037037037 0.17447916666666666 0.33425925925925926
1 0.3958333333333333 0.3875 0.17604166666666668 0.33240740740740743
2 0.23411458333333332 0.6597222222222222 0.1046875 0.26944444444444443
2 0.7703125 0.6273148148148148 0.11145833333333334 0.35833333333333334
2 0.16328125 0.3912037037037037 0.08177083333333333 0.3435185185185185
2 0.8338541666666667 0.37916666666666665 0.10208333333333333 0.3527777777777778
3 0.14921875 0.6657407407407407 0.05364583333333333 0.19074074074074074
3 0.8643229166666667 0.6611111111111111 0.08177083333333333 0.21481481481481482
3 0.10026041666666667 0.4134259259259259 0.044270833333333336 0.28425925925925927
3 0.9252604166666667 0.38981481481481484 0.07552083333333333 0.31296296296296294
4 0.09921875 0.6425925925925926 0.044270833333333336 0.1648148148148148
4 0.9359375 0.6439814814814815 0.06458333333333334 0.18055555555555555