0 0.58515625 0.38055555555555554 0.17864583333333334 0.37962962962962965
0 0.403125 0.3824074074074074 0.18020833333333333 0.3648148148148148
0 0.4393229166666667 0.6560185185185186 0.1078125 0.18611111111111112
0 0.5520833333333334 0.6652777777777777 0.1125 0.19537037037037036
1 0.66953125 0.65 0.12239583333333333 0.2740740740740741
1 0.3328125 0.6703703703703704 0.09791666666666667 0.1962962962962963
1 0.7388020833333333 0.37083333333333335 0.1265625 0.3509259259259259
2 0.78828125 0.6486111111111111 0.11302083333333333 0.3675925925925926
2 0.86015625 0.37453703703703706 0.11927083333333334 0.3675925925925926
3 0.9598958333333333 0.3921296296296296 0.08020833333333334 0.32685185185185184
3 0.88984375 0.6712962962962963 0.08489583333333334 0.23148148148148148
4 0.9661458333333334 0.663425925925926 0.06770833333333333 0.21944444444444444