5 0.06614583333333333 0.8263888888888888 0.09166666666666666 0.1935185185185185
4 0.13541666666666666 0.8328703703703704 0.065625 0.2101851851851852
3 0.8716145833333333 0.7546296296296297 0.0828125 0.28888888888888886
3 0.19375 0.8300925925925926 0.075 0.2675925925925926
3 0.9026041666666667 0.36712962962962964 0.06145833333333333 0.27685185185185185
2 0.2747395833333333 0.8291666666666667 0.0953125 0.30833333333333335
2 0.7950520833333333 0.7680555555555556 0.09427083333333333 0.3287037037037037
2 0.82265625 0.350462962962963 0.0953125 0.3287037037037037
1 0.3729166666666667 0.8314814814814815 0.10104166666666667 0.29814814814814816
1 0.6942708333333333 0.8023148148148148 0.10729166666666666 0.28425925925925927
1 0.2713541666666667 0.39490740740740743 0.115625 0.28425925925925927
1 0.7192708333333333 0.36203703703703705 0.10833333333333334 0.2962962962962963
0 0.47578125 0.8097222222222222 0.1046875 0.2601851851851852
0 0.5848958333333333 0.8060185185185185 0.11145833333333334 0.2675925925925926
0 0.41302083333333334 0.40555555555555556 0.16770833333333332 0.3148148148148148
0 0.5809895833333333 0.3912037037037037 0.16510416666666666 0.3194444444444444