0 0.4895833333333333 0.7763888888888889 0.11145833333333334 0.287962962962963
0 0.41380208333333335 0.3125 0.17447916666666666 0.35833333333333334
0 0.5932291666666667 0.3143518518518518 0.17604166666666668 0.35833333333333334
1 0.37890625 0.7921296296296296 0.10989583333333333 0.325
1 0.2640625 0.3087962962962963 0.11979166666666667 0.30277777777777776
1 0.7427083333333333 0.3013888888888889 0.12083333333333333 0.33240740740740743
2 0.27369791666666665 0.8148148148148148 0.10052083333333334 0.37037037037037035
2 0.8234375 0.8004629629629629 0.09375 0.3990740740740741
2 0.15807291666666667 0.3458333333333333 0.09010416666666667 0.3675925925925926
2 0.8520833333333333 0.31342592592592594 0.103125 0.36944444444444446
3 0.9125 0.7800925925925926 0.084375 0.31574074074074077
3 0.18229166666666666 0.8203703703703704 0.07916666666666666 0.3055555555555556
3 0.08229166666666667 0.3731481481481482 0.06458333333333334 0.2833333333333333
3 0.9375 0.3347222222222222 0.06145833333333333 0.32685185185185184
4 0.11171875 0.8125 0.06197916666666667 0.2361111111111111
5 0.0390625 0.8180555555555555 0.078125 0.20462962962962963