0 0.3372395833333333 0.6328703703703704 0.1046875 0.2361111111111111
0 0.6549479166666666 0.6388888888888888 0.11927083333333334 0.2388888888888889
0 0.26015625 0.37453703703703706 0.10572916666666667 0.2861111111111111
0 0.7192708333333333 0.37546296296296294 0.125 0.3175925925925926
1 0.5385416666666667 0.6462962962962963 0.10208333333333333 0.16666666666666666
1 0.4393229166666667 0.6333333333333333 0.09427083333333333 0.15555555555555556
1 0.5708333333333333 0.3958333333333333 0.17708333333333334 0.33425925925925926
1 0.3971354166666667 0.3921296296296296 0.16510416666666666 0.32685185185185184
2 0.23541666666666666 0.6652777777777777 0.10729166666666666 0.2953703703703704
2 0.7658854166666667 0.6231481481481481 0.10989583333333333 0.3592592592592593
2 0.16666666666666666 0.399537037037037 0.08333333333333333 0.3416666666666667
2 0.8338541666666667 0.3731481481481482 0.10729166666666666 0.34629629629629627
3 0.14817708333333332 0.6680555555555555 0.06197916666666667 0.20092592592592592
3 0.8627604166666667 0.6509259259259259 0.0765625 0.21481481481481482
3 0.9239583333333333 0.3875 0.07291666666666667 0.30833333333333335
3 0.10104166666666667 0.4185185185185185 0.042708333333333334 0.26481481481481484
4 0.9341145833333333 0.6388888888888888 0.07135416666666666 0.19074074074074074