0 0.4864583333333333 0.7870370370370371 0.115625 0.2962962962962963
0 0.4078125 0.31342592592592594 0.17604166666666668 0.3416666666666667
0 0.5877604166666667 0.3194444444444444 0.18385416666666668 0.34444444444444444
1 0.37005208333333334 0.799074074074074 0.1140625 0.3111111111111111
1 0.26015625 0.2967592592592593 0.1140625 0.31203703703703706
1 0.7395833333333334 0.29907407407407405 0.11666666666666667 0.32222222222222224
2 0.26223958333333336 0.8171296296296297 0.09635416666666667 0.36574074074074076
2 0.8200520833333333 0.799074074074074 0.10364583333333334 0.3907407407407407
2 0.15598958333333332 0.34074074074074073 0.09427083333333333 0.3574074074074074
2 0.8473958333333333 0.30648148148148147 0.096875 0.3648148148148148
3 0.175 0.8125 0.078125 0.30277777777777776
3 0.9114583333333334 0.7703703703703704 0.07916666666666666 0.32037037037037036
3 0.07682291666666667 0.37546296296296294 0.05364583333333333 0.2935185185185185
3 0.9302083333333333 0.3287037037037037 0.065625 0.3296296296296296
4 0.10572916666666667 0.8226851851851852 0.06041666666666667 0.25277777777777777
5 0.03567708333333333 0.8231481481481482 0.07135416666666666 0.21481481481481482