0 0.59375 0.38981481481481484 0.1875 0.3648148148148148
0 0.41328125 0.39351851851851855 0.1734375 0.34814814814814815
0 0.44947916666666665 0.6583333333333333 0.103125 0.17592592592592593
0 0.56015625 0.6657407407407407 0.11822916666666666 0.1814814814814815
1 0.75 0.37546296296296294 0.13020833333333334 0.3453703703703704
1 0.6822916666666666 0.6606481481481481 0.115625 0.2675925925925926
1 0.3455729166666667 0.6666666666666666 0.09114583333333333 0.18888888888888888
2 0.8677083333333333 0.38842592592592595 0.11041666666666666 0.35833333333333334
2 0.7966145833333333 0.6416666666666667 0.11822916666666666 0.37222222222222223
3 0.9619791666666667 0.4027777777777778 0.07604166666666666 0.3388888888888889
3 0.9 0.6763888888888889 0.08333333333333333 0.21203703703703702
4 0.9713541666666666 0.6916666666666667 0.057291666666666664 0.22407407407407406