0 0.41640625 0.3277777777777778 0.1828125 0.3277777777777778
0 0.6072916666666667 0.788425925925926 0.115625 0.30833333333333335
0 0.4953125 0.7907407407407407 0.11145833333333334 0.31296296296296294
0 0.5971354166666667 0.3300925925925926 0.17864583333333334 0.33240740740740743
1 0.3815104166666667 0.8046296296296296 0.10989583333333333 0.32222222222222224
1 0.26875 0.29768518518518516 0.12083333333333333 0.3194444444444444
1 0.7481770833333333 0.29907407407407405 0.11822916666666666 0.337037037037037
2 0.27760416666666665 0.8101851851851852 0.09791666666666667 0.37962962962962965
2 0.15885416666666666 0.350462962962963 0.08854166666666667 0.35833333333333334
2 0.85703125 0.31342592592592594 0.09947916666666666 0.36944444444444446
3 0.18776041666666668 0.8111111111111111 0.0765625 0.3055555555555556
3 0.91484375 0.7800925925925926 0.0859375 0.3194444444444444
3 0.08567708333333333 0.3837962962962963 0.05260416666666667 0.2861111111111111
3 0.94140625 0.35185185185185186 0.0640625 0.32222222222222224
4 0.11848958333333333 0.8226851851851852 0.0640625 0.25277777777777777
5 0.043229166666666666 0.8203703703703704 0.08645833333333333 0.19074074074074074