0 0.5627604166666667 0.6319444444444444 0.1046875 0.16203703703703703
0 0.46015625 0.6175925925925926 0.10364583333333334 0.1388888888888889
0 0.5908854166666667 0.38842592592592595 0.16927083333333334 0.325
0 0.421875 0.3888888888888889 0.16875 0.3055555555555556
1 0.6708333333333333 0.6185185185185185 0.10625 0.23148148148148148
1 0.2838541666666667 0.3662037037037037 0.10208333333333333 0.30277777777777776
1 0.7338541666666667 0.3648148148148148 0.11666666666666667 0.32037037037037036
2 0.7802083333333333 0.5939814814814814 0.10729166666666666 0.3824074074074074
2 0.19375 0.3912037037037037 0.078125 0.3435185185185185
2 0.8481770833333333 0.3625 0.10885416666666667 0.3527777777777778
3 0.8770833333333333 0.6407407407407407 0.08333333333333333 0.2074074074074074
3 0.9372395833333333 0.3837962962962963 0.0671875 0.30092592592592593
4 0.946875 0.625 0.059375 0.17592592592592593