0 0.5546875 0.6703703703703704 0.10729166666666666 0.1962962962962963
0 0.44192708333333336 0.6689814814814815 0.11822916666666666 0.1935185185185185
0 0.5877604166666667 0.3912037037037037 0.18385416666666668 0.3527777777777778
0 0.403125 0.39305555555555555 0.18020833333333333 0.3435185185185185
1 0.740625 0.37777777777777777 0.125 0.3314814814814815
1 0.67109375 0.6509259259259259 0.11927083333333334 0.26296296296296295
1 0.3372395833333333 0.6583333333333333 0.09114583333333333 0.1814814814814815
2 0.7916666666666666 0.6328703703703704 0.11979166666666667 0.38425925925925924
2 0.8638020833333333 0.3800925925925926 0.11822916666666666 0.375
3 0.9627604166666667 0.3888888888888889 0.07447916666666667 0.3296296296296296
3 0.8955729166666667 0.6736111111111112 0.0859375 0.2175925925925926
4 0.96796875 0.6694444444444444 0.0640625 0.23148148148148148