0 0.46953125 0.8111111111111111 0.10572916666666667 0.26666666666666666
0 0.5770833333333333 0.812037037037037 0.10625 0.2740740740740741
0 0.41119791666666666 0.42685185185185187 0.1640625 0.3
0 0.58046875 0.41759259259259257 0.17447916666666666 0.3148148148148148
1 0.36484375 0.8347222222222223 0.0984375 0.2953703703703704
1 0.68359375 0.8101851851851852 0.1046875 0.28888888888888886
1 0.2721354166666667 0.4185185185185185 0.10885416666666667 0.2796296296296296
1 0.72265625 0.38287037037037036 0.10989583333333333 0.2935185185185185
2 0.7872395833333333 0.7893518518518519 0.09947916666666666 0.3675925925925926
2 0.27005208333333336 0.8412037037037037 0.09114583333333333 0.3175925925925926
2 0.82421875 0.36574074074074076 0.0953125 0.3314814814814815
3 0.8635416666666667 0.7643518518518518 0.08333333333333333 0.2935185185185185
3 0.184375 0.8421296296296297 0.08020833333333334 0.262037037037037
3 0.903125 0.37175925925925923 0.06041666666666667 0.2861111111111111
4 0.11796875 0.8398148148148148 0.049479166666666664 0.22962962962962963
5 0.05625 0.8444444444444444 0.07395833333333333 0.19074074074074074