0 0.44869791666666664 0.6523148148148148 0.10989583333333333 0.175
0 0.5567708333333333 0.6643518518518519 0.10625 0.1935185185185185
0 0.5911458333333334 0.37916666666666665 0.18541666666666667 0.3768518518518518
0 0.40989583333333335 0.3800925925925926 0.17708333333333334 0.36574074074074076
1 0.34817708333333336 0.662962962962963 0.09114583333333333 0.19074074074074074
1 0.6755208333333333 0.65 0.12604166666666666 0.22592592592592592
1 0.7494791666666667 0.3662037037037037 0.12916666666666668 0.3509259259259259
2 0.7958333333333333 0.6583333333333333 0.11145833333333334 0.3537037037037037
2 0.8682291666666667 0.37824074074074077 0.11145833333333334 0.38425925925925924
3 0.8979166666666667 0.6796296296296296 0.0875 0.22407407407407406
3 0.9614583333333333 0.39444444444444443 0.07708333333333334 0.337037037037037
4 0.9692708333333333 0.6712962962962963 0.06145833333333333 0.2074074074074074