0 0.46901041666666665 0.7384259259259259 0.1046875 0.26944444444444443
0 0.57578125 0.7453703703703703 0.10885416666666667 0.27037037037037037
0 0.42109375 0.3814814814814815 0.16510416666666666 0.32407407407407407
0 0.5903645833333333 0.3875 0.1734375 0.33611111111111114
1 0.6877604166666667 0.7490740740740741 0.10989583333333333 0.2962962962962963
1 0.36770833333333336 0.7444444444444445 0.09791666666666667 0.3148148148148148
1 0.7372395833333333 0.3578703703703704 0.11822916666666666 0.33425925925925926
1 0.2869791666666667 0.37083333333333335 0.103125 0.30277777777777776
2 0.275 0.7657407407407407 0.0875 0.37777777777777777
2 0.79375 0.7467592592592592 0.10208333333333333 0.3824074074074074
2 0.19453125 0.3837962962962963 0.08177083333333333 0.35833333333333334
2 0.8455729166666667 0.35509259259259257 0.10052083333333334 0.3675925925925926
3 0.1984375 0.7513888888888889 0.065625 0.2824074074074074
3 0.8817708333333333 0.7296296296296296 0.07395833333333333 0.2962962962962963
3 0.12916666666666668 0.40879629629629627 0.04583333333333333 0.30277777777777776
3 0.9307291666666667 0.37546296296296294 0.06979166666666667 0.3175925925925926
4 0.9486979166666667 0.7203703703703703 0.06302083333333333 0.22407407407407406