5 0.053385416666666664 0.8231481481481482 0.0796875 0.1814814814814815
4 0.12265625 0.8268518518518518 0.0671875 0.2074074074074074
2 0.2640625 0.8314814814814815 0.08958333333333333 0.337037037037037
2 0.78046875 0.7800925925925926 0.09114583333333333 0.35833333333333334
2 0.8197916666666667 0.3490740740740741 0.09270833333333334 0.34074074074074073
3 0.18020833333333333 0.8310185185185185 0.078125 0.28425925925925927
3 0.8588541666666667 0.7611111111111111 0.08229166666666667 0.29074074074074074
3 0.8963541666666667 0.36574074074074076 0.06041666666666667 0.2796296296296296
3 0.09427083333333333 0.4675925925925926 0.06145833333333333 0.2388888888888889
1 0.36223958333333334 0.8217592592592593 0.10364583333333334 0.287962962962963
1 0.6802083333333333 0.8 0.10625 0.28888888888888886
1 0.26614583333333336 0.4027777777777778 0.11041666666666666 0.2814814814814815
1 0.7166666666666667 0.3648148148148148 0.11145833333333334 0.3
0 0.4640625 0.799074074074074 0.103125 0.26296296296296295
0 0.5723958333333333 0.7981481481481482 0.115625 0.26481481481481484
0 0.40703125 0.40879629629629627 0.16927083333333334 0.30833333333333335
0 0.5763020833333333 0.39675925925925926 0.16927083333333334 0.3175925925925926