0 0.45729166666666665 0.6199074074074075 0.09270833333333334 0.1527777777777778
0 0.56015625 0.6296296296296297 0.10989583333333333 0.17222222222222222
0 0.41510416666666666 0.3837962962962963 0.16666666666666666 0.3194444444444444
0 0.5869791666666667 0.3837962962962963 0.17708333333333334 0.3194444444444444
1 0.6716145833333333 0.6129629629629629 0.10989583333333333 0.20555555555555555
1 0.36223958333333334 0.6319444444444444 0.10572916666666667 0.2101851851851852
1 0.7333333333333333 0.36712962962962964 0.115625 0.30462962962962964
1 0.28151041666666665 0.3731481481481482 0.10052083333333334 0.3037037037037037
2 0.7809895833333333 0.5893518518518519 0.10364583333333334 0.35833333333333334
2 0.26145833333333335 0.65 0.09791666666666667 0.2833333333333333
2 0.19036458333333334 0.4041666666666667 0.08177083333333333 0.33240740740740743
2 0.8466145833333333 0.36342592592592593 0.10885416666666667 0.3416666666666667
3 0.8729166666666667 0.637962962962963 0.078125 0.2074074074074074
3 0.93203125 0.38055555555555554 0.0640625 0.28888888888888886
4 0.9432291666666667 0.625 0.06041666666666667 0.2