5 0.08515625 0.8444444444444444 0.0859375 0.2
4 0.15078125 0.8472222222222222 0.0671875 0.21481481481481482
2 0.8111979166666666 0.7953703703703704 0.09427083333333333 0.35555555555555557
2 0.29583333333333334 0.8435185185185186 0.096875 0.31296296296296294
2 0.8515625 0.37175925925925923 0.09375 0.33425925925925926
3 0.21171875 0.8407407407407408 0.07135416666666666 0.25
3 0.8924479166666667 0.7717592592592593 0.0796875 0.27870370370370373
3 0.9260416666666667 0.38842592592592595 0.05520833333333333 0.262037037037037
3 0.12604166666666666 0.47685185185185186 0.06041666666666667 0.24814814814814815
1 0.71171875 0.8162037037037037 0.1046875 0.27685185185185185
1 0.39505208333333336 0.8421296296296297 0.09947916666666666 0.2861111111111111
1 0.3015625 0.41759259259259257 0.11145833333333334 0.2722222222222222
1 0.7481770833333333 0.37777777777777777 0.11302083333333333 0.3074074074074074
0 0.49895833333333334 0.8231481481481482 0.10625 0.26296296296296295
0 0.6052083333333333 0.8180555555555555 0.10625 0.262037037037037
0 0.440625 0.43425925925925923 0.16354166666666667 0.3055555555555556
0 0.60703125 0.4148148148148148 0.16927083333333334 0.32407407407407407