5 0.07630208333333334 0.8328703703703704 0.08697916666666666 0.18611111111111112
3 0.8817708333333333 0.7597222222222222 0.0875 0.28425925925925927
3 0.203125 0.8398148148148148 0.078125 0.26296296296296295
3 0.91171875 0.3680555555555556 0.0671875 0.28425925925925927
2 0.2875 0.8388888888888889 0.09375 0.32222222222222224
2 0.8026041666666667 0.7773148148148148 0.09270833333333334 0.33425925925925926
2 0.8333333333333334 0.35138888888888886 0.09270833333333334 0.33611111111111114
4 0.14270833333333333 0.8300925925925926 0.06979166666666667 0.2101851851851852
4 0.06015625 0.4828703703703704 0.0359375 0.22685185185185186
1 0.38359375 0.8398148148148148 0.10052083333333334 0.3055555555555556
1 0.7018229166666666 0.8097222222222222 0.10885416666666667 0.28425925925925927
1 0.28020833333333334 0.4050925925925926 0.10833333333333334 0.2675925925925926
1 0.7294270833333333 0.36342592592592593 0.11302083333333333 0.30833333333333335
0 0.4864583333333333 0.8097222222222222 0.10729166666666666 0.2601851851851852
0 0.59453125 0.8097222222222222 0.10885416666666667 0.26944444444444443
0 0.4205729166666667 0.4134259259259259 0.16614583333333333 0.30833333333333335
0 0.58828125 0.39814814814814814 0.16927083333333334 0.3296296296296296