0 0.4596354166666667 0.8050925925925926 0.1046875 0.2657407407407407
0 0.56640625 0.8 0.10885416666666667 0.26481481481481484
0 0.40130208333333334 0.40879629629629627 0.16510416666666666 0.30277777777777776
0 0.5703125 0.39814814814814814 0.17291666666666666 0.32037037037037036
1 0.67421875 0.7976851851851852 0.1046875 0.28425925925925927
1 0.35625 0.825462962962963 0.10208333333333333 0.2861111111111111
1 0.26197916666666665 0.4050925925925926 0.10729166666666666 0.27685185185185185
1 0.7111979166666667 0.3587962962962963 0.10572916666666667 0.30833333333333335
2 0.775 0.7800925925925926 0.096875 0.35833333333333334
2 0.25677083333333334 0.8328703703703704 0.09375 0.33425925925925926
2 0.8119791666666667 0.34675925925925927 0.09270833333333334 0.3416666666666667
3 0.8541666666666666 0.7643518518518518 0.078125 0.30277777777777776
3 0.17473958333333334 0.8458333333333333 0.07239583333333334 0.30833333333333335
3 0.8890625 0.3611111111111111 0.06145833333333333 0.2740740740740741
3 0.09088541666666666 0.4708333333333333 0.06302083333333333 0.24166666666666667
4 0.1171875 0.8277777777777777 0.06458333333333334 0.21481481481481482
5 0.04244791666666667 0.8287037037037037 0.09010416666666667 0.18888888888888888