0 0.46145833333333336 0.6203703703703703 0.09791666666666667 0.1574074074074074
0 0.56015625 0.6222222222222222 0.09635416666666667 0.1574074074074074
0 0.4205729166666667 0.3814814814814815 0.16614583333333333 0.3148148148148148
0 0.5908854166666667 0.37777777777777777 0.17447916666666666 0.32222222222222224
1 0.6690104166666667 0.6106481481481482 0.11510416666666666 0.2101851851851852
1 0.36223958333333334 0.6162037037037037 0.10052083333333334 0.1935185185185185
1 0.2830729166666667 0.36712962962962964 0.10364583333333334 0.2953703703703704
1 0.7375 0.3611111111111111 0.1125 0.3037037037037037
2 0.77890625 0.5810185185185185 0.1046875 0.36018518518518516
2 0.18958333333333333 0.39351851851851855 0.08020833333333334 0.3296296296296296
2 0.8455729166666667 0.3625 0.10052083333333334 0.325
3 0.875 0.6324074074074074 0.0875 0.21481481481481482
3 0.93203125 0.38472222222222224 0.07239583333333334 0.28425925925925927
4 0.94765625 0.6175925925925926 0.0578125 0.1814814814814815