0 0.5950520833333334 0.3763888888888889 0.18489583333333334 0.3675925925925926
0 0.4125 0.37546296296296294 0.17708333333333334 0.36944444444444446
0 0.45026041666666666 0.6402777777777777 0.10989583333333333 0.15462962962962962
0 0.56484375 0.649074074074074 0.12239583333333333 0.1814814814814815
1 0.75078125 0.36944444444444446 0.12864583333333332 0.3388888888888889
1 0.6809895833333334 0.6370370370370371 0.11302083333333333 0.26296296296296295
2 0.86953125 0.37175925925925923 0.1140625 0.35833333333333334
2 0.79296875 0.6199074074074075 0.1140625 0.39166666666666666
3 0.96328125 0.38981481481481484 0.0734375 0.32222222222222224
3 0.8958333333333334 0.6643518518518519 0.09166666666666666 0.2361111111111111
4 0.9713541666666666 0.6583333333333333 0.057291666666666664 0.22037037037037038