0 0.4856770833333333 0.7810185185185186 0.1171875 0.2935185185185185
0 0.5895833333333333 0.324537037037037 0.17708333333333334 0.33425925925925926
0 0.41119791666666666 0.32175925925925924 0.1796875 0.3194444444444444
1 0.3729166666666667 0.7967592592592593 0.10833333333333334 0.31574074074074077
1 0.2643229166666667 0.29814814814814816 0.1140625 0.3148148148148148
1 0.7385416666666667 0.3060185185185185 0.12083333333333333 0.3175925925925926
2 0.27109375 0.8101851851851852 0.0953125 0.37962962962962965
2 0.8239583333333333 0.7981481481481482 0.10104166666666667 0.40370370370370373
2 0.15677083333333333 0.34675925925925927 0.09791666666666667 0.36018518518518516
2 0.8494791666666667 0.3194444444444444 0.103125 0.37222222222222223
3 0.18020833333333333 0.8185185185185185 0.08333333333333333 0.3148148148148148
3 0.9106770833333333 0.7777777777777778 0.07239583333333334 0.32407407407407407
3 0.07760416666666667 0.37916666666666665 0.05520833333333333 0.30092592592592593
3 0.9341145833333333 0.3384259259259259 0.06302083333333333 0.33425925925925926
4 0.10703125 0.8106481481481481 0.0578125 0.24351851851851852
5 0.03984375 0.8217592592592593 0.0796875 0.20277777777777778