0 0.3380208333333333 0.6319444444444444 0.09791666666666667 0.23425925925925925
0 0.6575520833333334 0.6439814814814815 0.1140625 0.23796296296296296
0 0.25677083333333334 0.37083333333333335 0.10208333333333333 0.30833333333333335
0 0.7205729166666667 0.37222222222222223 0.12239583333333333 0.3296296296296296
1 0.54296875 0.6509259259259259 0.1046875 0.1574074074074074
1 0.4359375 0.6402777777777777 0.10104166666666667 0.15462962962962962
1 0.39375 0.38657407407407407 0.16875 0.3435185185185185
1 0.5703125 0.3921296296296296 0.18125 0.3453703703703704
2 0.2359375 0.6476851851851851 0.103125 0.2935185185185185
2 0.7729166666666667 0.6333333333333333 0.11145833333333334 0.34629629629629627
2 0.16067708333333333 0.38981481481481484 0.08177083333333333 0.35
2 0.8388020833333333 0.38287037037037036 0.10572916666666667 0.36018518518518516
3 0.09635416666666667 0.4125 0.041666666666666664 0.2916666666666667
3 0.15078125 0.6689814814814815 0.06197916666666667 0.18796296296296297
3 0.8669270833333333 0.6606481481481481 0.08177083333333333 0.19537037037037036
3 0.928125 0.3907407407407407 0.06979166666666667 0.3055555555555556