0 0.4609375 0.6305555555555555 0.10208333333333333 0.1648148148148148
0 0.565625 0.6287037037037037 0.10208333333333333 0.15
0 0.4205729166666667 0.38842592592592595 0.1640625 0.3194444444444444
0 0.5895833333333333 0.3888888888888889 0.17708333333333334 0.3296296296296296
1 0.6734375 0.6129629629629629 0.11666666666666667 0.24814814814814815
1 0.7388020833333333 0.3685185185185185 0.11510416666666666 0.3314814814814815
1 0.2864583333333333 0.37546296296296294 0.10208333333333333 0.30277777777777776
2 0.7864583333333334 0.5925925925925926 0.10625 0.37037037037037035
2 0.8515625 0.37407407407407406 0.10208333333333333 0.34814814814814815
2 0.19296875 0.40046296296296297 0.08177083333333333 0.33425925925925926
3 0.8783854166666667 0.6486111111111111 0.07760416666666667 0.2101851851851852
3 0.9333333333333333 0.3861111111111111 0.06458333333333334 0.3055555555555556
4 0.9489583333333333 0.6342592592592593 0.06041666666666667 0.2