0 0.5877604166666667 0.3143518518518518 0.17864583333333334 0.3435185185185185
0 0.40859375 0.31805555555555554 0.1828125 0.3416666666666667
1 0.37447916666666664 0.8013888888888889 0.11145833333333334 0.3435185185185185
1 0.71328125 0.7967592592592593 0.1078125 0.3527777777777778
1 0.25807291666666665 0.30277777777777776 0.11510416666666666 0.3296296296296296
1 0.7372395833333333 0.30972222222222223 0.11822916666666666 0.3435185185185185
2 0.81796875 0.7935185185185185 0.09947916666666666 0.412962962962963
2 0.26484375 0.8101851851851852 0.1078125 0.37962962962962965
2 0.15130208333333334 0.3421296296296296 0.0953125 0.3787037037037037
2 0.8486979166666667 0.3125 0.1046875 0.3675925925925926
3 0.17083333333333334 0.8291666666666667 0.08020833333333334 0.3416666666666667
3 0.9065104166666667 0.7217592592592592 0.07552083333333333 0.21203703703703702
3 0.07421875 0.37777777777777777 0.058854166666666666 0.3074074074074074
3 0.9325520833333333 0.3337962962962963 0.06302083333333333 0.33425925925925926
4 0.10442708333333334 0.8203703703703704 0.05260416666666667 0.24814814814814815
5 0.03854166666666667 0.8208333333333333 0.07708333333333334 0.2101851851851852