5 0.05 0.6796296296296296 0.06145833333333333 0.1388888888888889
4 0.10703125 0.6916666666666667 0.049479166666666664 0.1574074074074074
4 0.9153645833333334 0.6319444444444444 0.0578125 0.19166666666666668
3 0.8486979166666667 0.6402777777777777 0.08072916666666667 0.2175925925925926
3 0.165625 0.7083333333333334 0.06979166666666667 0.1574074074074074
3 0.10520833333333333 0.4888888888888889 0.051041666666666666 0.26296296296296295
3 0.90234375 0.42314814814814816 0.07239583333333334 0.27037037037037037
2 0.7627604166666667 0.6263888888888889 0.09947916666666666 0.36018518518518516
2 0.24453125 0.7097222222222223 0.09947916666666666 0.26944444444444443
2 0.17291666666666666 0.4722222222222222 0.08229166666666667 0.3148148148148148
2 0.8197916666666667 0.4041666666666667 0.09270833333333334 0.33611111111111114
1 0.34479166666666666 0.6833333333333333 0.10104166666666667 0.2074074074074074
1 0.659375 0.663425925925926 0.10729166666666666 0.2101851851851852
1 0.26614583333333336 0.44212962962962965 0.10520833333333333 0.275
1 0.7145833333333333 0.4148148148148148 0.115625 0.2962962962962963
0 0.4453125 0.6773148148148148 0.103125 0.14722222222222223
0 0.55078125 0.6824074074074075 0.1046875 0.14814814814814814
0 0.403125 0.4564814814814815 0.16875 0.29814814814814816
0 0.5716145833333334 0.44722222222222224 0.16822916666666668 0.32222222222222224