0 0.55546875 0.6694444444444444 0.10885416666666667 0.19814814814814816
0 0.43984375 0.663425925925926 0.1140625 0.18611111111111112
0 0.5848958333333333 0.3851851851851852 0.18125 0.37962962962962965
0 0.40130208333333334 0.37777777777777777 0.18385416666666668 0.37037037037037035
1 0.33125 0.6620370370370371 0.0875 0.18888888888888888
1 0.6674479166666667 0.6592592592592592 0.11302083333333333 0.24074074074074073
1 0.740625 0.37824074074074077 0.13020833333333334 0.3509259259259259
2 0.784375 0.6472222222222223 0.11770833333333333 0.35555555555555557
2 0.86484375 0.38287037037037036 0.11822916666666666 0.38425925925925924
3 0.8890625 0.687037037037037 0.08854166666666667 0.22407407407407406
3 0.9619791666666667 0.40324074074074073 0.07604166666666666 0.33425925925925926
4 0.9661458333333334 0.6726851851851852 0.06770833333333333 0.20092592592592592