0 0.25546875 0.3625 0.1046875 0.2953703703703704
0 0.7171875 0.37037037037037035 0.12083333333333333 0.32222222222222224
0 0.65703125 0.624537037037037 0.11822916666666666 0.25277777777777777
0 0.3294270833333333 0.6282407407407408 0.09947916666666666 0.24537037037037038
1 0.5690104166666666 0.3888888888888889 0.1734375 0.3388888888888889
1 0.3963541666666667 0.38472222222222224 0.171875 0.32685185185185184
1 0.53984375 0.6416666666666667 0.1046875 0.16666666666666666
1 0.43515625 0.6319444444444444 0.1046875 0.16203703703703703
2 0.1609375 0.3912037037037037 0.084375 0.33425925925925926
2 0.8361979166666667 0.37407407407407406 0.1140625 0.34814814814814815
2 0.22994791666666667 0.6574074074074074 0.09427083333333333 0.29814814814814816
2 0.7697916666666667 0.6189814814814815 0.10729166666666666 0.36574074074074076
3 0.865625 0.6560185185185186 0.07916666666666666 0.20462962962962963
3 0.14947916666666666 0.6513888888888889 0.06458333333333334 0.18611111111111112
3 0.928125 0.3972222222222222 0.06979166666666667 0.31296296296296294
3 0.09427083333333333 0.4027777777777778 0.040625 0.2814814814814815