5 0.07083333333333333 0.8324074074074074 0.09479166666666666 0.17592592592592593
3 0.8770833333333333 0.7523148148148148 0.08333333333333333 0.26944444444444443
3 0.20234375 0.8347222222222223 0.0765625 0.2675925925925926
3 0.9044270833333333 0.37222222222222223 0.06302083333333333 0.2814814814814815
2 0.2830729166666667 0.8361111111111111 0.08697916666666666 0.3277777777777778
2 0.8 0.7703703703703704 0.09791666666666667 0.3148148148148148
2 0.8286458333333333 0.3527777777777778 0.09166666666666666 0.32407407407407407
4 0.14114583333333333 0.8347222222222223 0.06979166666666667 0.21944444444444444
4 0.05755208333333333 0.4722222222222222 0.044270833333333336 0.22962962962962963
1 0.3796875 0.8314814814814815 0.10104166666666667 0.28888888888888886
1 0.6984375 0.8023148148148148 0.10520833333333333 0.28425925925925927
1 0.27838541666666666 0.3958333333333333 0.10989583333333333 0.27685185185185185
1 0.72578125 0.3574074074074074 0.10885416666666667 0.3055555555555556
0 0.4828125 0.8208333333333333 0.10625 0.2675925925925926
0 0.5895833333333333 0.8101851851851852 0.10729166666666666 0.26481481481481484
0 0.4166666666666667 0.40879629629629627 0.16666666666666666 0.29907407407407405
0 0.584375 0.3907407407407407 0.171875 0.3296296296296296