5 0.049479166666666664 0.6819444444444445 0.065625 0.13796296296296295
4 0.9151041666666667 0.6333333333333333 0.06041666666666667 0.18888888888888888
4 0.10364583333333334 0.6819444444444445 0.042708333333333334 0.14351851851851852
3 0.85 0.6513888888888889 0.075 0.2101851851851852
3 0.16223958333333333 0.7083333333333334 0.07135416666666666 0.17592592592592593
3 0.10052083333333334 0.4828703703703704 0.046875 0.2657407407407407
3 0.9010416666666666 0.40879629629629627 0.06458333333333334 0.27870370370370373
2 0.24348958333333334 0.7074074074074074 0.09114583333333333 0.2740740740740741
2 0.7643229166666666 0.625 0.09635416666666667 0.3537037037037037
2 0.1703125 0.4699074074074074 0.0875 0.3194444444444444
2 0.8205729166666667 0.3958333333333333 0.09635416666666667 0.3435185185185185
1 0.6567708333333333 0.6680555555555555 0.1125 0.20092592592592592
1 0.3453125 0.6763888888888889 0.10729166666666666 0.2175925925925926
1 0.26666666666666666 0.4375 0.10625 0.275
1 0.7140625 0.41712962962962963 0.11145833333333334 0.30092592592592593
0 0.5486979166666667 0.6773148148148148 0.10364583333333334 0.1527777777777778
0 0.44609375 0.6759259259259259 0.09947916666666666 0.15
0 0.4036458333333333 0.45185185185185184 0.1625 0.3037037037037037
0 0.5716145833333334 0.4444444444444444 0.1734375 0.32222222222222224