0 0.46015625 0.6273148148148148 0.1015625 0.16203703703703703
0 0.5643229166666667 0.6337962962962963 0.1015625 0.1638888888888889
0 0.41796875 0.3851851851851852 0.16614583333333333 0.32222222222222224
0 0.58828125 0.3888888888888889 0.17447916666666666 0.3296296296296296
1 0.6674479166666667 0.6157407407407407 0.10260416666666666 0.22592592592592592
1 0.35572916666666665 0.6222222222222222 0.103125 0.21481481481481482
1 0.7354166666666667 0.3699074074074074 0.11666666666666667 0.3101851851851852
1 0.28515625 0.3787037037037037 0.09947916666666666 0.2814814814814815
2 0.778125 0.6032407407407407 0.11145833333333334 0.35833333333333334
2 0.19296875 0.39861111111111114 0.08072916666666667 0.33611111111111114
2 0.8471354166666667 0.36574074074074076 0.10260416666666666 0.34444444444444444
3 0.8755208333333333 0.6416666666666667 0.08333333333333333 0.20925925925925926
3 0.93359375 0.3875 0.06510416666666667 0.28055555555555556
4 0.94765625 0.6273148148148148 0.0578125 0.19537037037037036