0 0.6830729166666667 0.6356481481481482 0.1140625 0.24166666666666667
0 0.7520833333333333 0.3611111111111111 0.12083333333333333 0.34074074074074073
1 0.5640625 0.6513888888888889 0.115625 0.17685185185185184
1 0.44817708333333334 0.6324074074074074 0.10364583333333334 0.1574074074074074
1 0.4158854166666667 0.37175925925925923 0.16822916666666668 0.3435185185185185
1 0.5958333333333333 0.37916666666666665 0.18125 0.35833333333333334
2 0.7997395833333333 0.6129629629629629 0.1140625 0.3907407407407407
2 0.8763020833333334 0.3638888888888889 0.10885416666666667 0.37962962962962965
3 0.8979166666666667 0.6712962962962963 0.0875 0.23148148148148148
3 0.9674479166666666 0.3925925925925926 0.06510416666666667 0.32222222222222224
4 0.9692708333333333 0.6574074074074074 0.06145833333333333 0.19814814814814816