5 0.084375 0.8421296296296297 0.09270833333333334 0.18611111111111112
4 0.15 0.850462962962963 0.065625 0.21203703703703702
2 0.29635416666666664 0.8435185185185186 0.09270833333333334 0.31296296296296294
2 0.8111979166666666 0.7981481481481482 0.09427083333333333 0.34629629629629627
2 0.8481770833333333 0.36944444444444446 0.09010416666666667 0.3296296296296296
1 0.39375 0.8467592592592592 0.10208333333333333 0.2916666666666667
1 0.7111979166666667 0.8185185185185185 0.10572916666666667 0.2814814814814815
1 0.2984375 0.42314814814814816 0.11041666666666666 0.2796296296296296
1 0.74765625 0.3837962962962963 0.10885416666666667 0.2953703703703704
3 0.21171875 0.8421296296296297 0.08177083333333333 0.262037037037037
3 0.8903645833333333 0.7648148148148148 0.08072916666666667 0.26481481481481484
3 0.9239583333333333 0.3875 0.06145833333333333 0.275
3 0.1234375 0.47824074074074074 0.06041666666666667 0.2601851851851852
0 0.49583333333333335 0.825462962962963 0.10208333333333333 0.2675925925925926
0 0.6018229166666667 0.8240740740740741 0.10989583333333333 0.27037037037037037
0 0.43854166666666666 0.4263888888888889 0.16770833333333332 0.3101851851851852
0 0.60703125 0.41805555555555557 0.16927083333333334 0.3175925925925926