0 0.4942708333333333 0.7810185185185186 0.115625 0.28425925925925927
0 0.6091145833333333 0.7930555555555555 0.1140625 0.30277777777777776
0 0.41848958333333336 0.3300925925925926 0.18385416666666668 0.33240740740740743
0 0.5979166666666667 0.3287037037037037 0.17708333333333334 0.3296296296296296
1 0.26796875 0.30648148148148147 0.1140625 0.3074074074074074
1 0.3815104166666667 0.8 0.10989583333333333 0.31296296296296294
1 0.746875 0.3087962962962963 0.12083333333333333 0.32685185185185184
2 0.27760416666666665 0.8148148148148148 0.09791666666666667 0.37037037037037035
2 0.1640625 0.34675925925925927 0.09375 0.36944444444444446
2 0.8580729166666666 0.3194444444444444 0.09947916666666666 0.37222222222222223
3 0.18828125 0.8180555555555555 0.08072916666666667 0.3101851851851852
3 0.9200520833333333 0.7837962962962963 0.08072916666666667 0.3175925925925926
3 0.9408854166666667 0.34444444444444444 0.06302083333333333 0.337037037037037
3 0.08567708333333333 0.37407407407407406 0.0546875 0.3055555555555556
4 0.11796875 0.8111111111111111 0.0578125 0.22962962962962963
5 0.04375 0.8148148148148148 0.0875 0.18888888888888888