0 0.5958333333333333 0.3763888888888889 0.18125 0.3675925925925926
0 0.40703125 0.3648148148148148 0.18802083333333333 0.3388888888888889
0 0.45 0.6439814814814815 0.10729166666666666 0.18611111111111112
0 0.56640625 0.663425925925926 0.1140625 0.2101851851851852
1 0.7549479166666667 0.36018518518518516 0.13177083333333334 0.3388888888888889
1 0.6830729166666667 0.6342592592592593 0.1171875 0.2574074074074074
2 0.8770833333333333 0.37222222222222223 0.1125 0.37222222222222223
2 0.8005208333333333 0.6402777777777777 0.11041666666666666 0.36018518518518516
3 0.9666666666666667 0.3875 0.06666666666666667 0.3416666666666667
3 0.9005208333333333 0.6666666666666666 0.09270833333333334 0.2222222222222222
4 0.9739583333333334 0.6620370370370371 0.052083333333333336 0.2074074074074074