0 0.3328125 0.625 0.09791666666666667 0.22962962962962963
0 0.6528645833333333 0.6342592592592593 0.11302083333333333 0.23333333333333334
0 0.25755208333333335 0.3648148148148148 0.10364583333333334 0.29074074074074074
0 0.7221354166666667 0.37175925925925923 0.12760416666666666 0.33425925925925926
1 0.540625 0.6462962962962963 0.10625 0.16666666666666666
1 0.43515625 0.6324074074074074 0.1046875 0.1574074074074074
1 0.3963541666666667 0.3861111111111111 0.171875 0.32037037037037036
1 0.5703125 0.3851851851851852 0.17291666666666666 0.35555555555555557
2 0.23411458333333332 0.6486111111111111 0.1046875 0.2861111111111111
2 0.765625 0.6212962962962963 0.1125 0.3611111111111111
2 0.16276041666666666 0.3824074074074074 0.08072916666666667 0.34629629629629627
2 0.83671875 0.37175925925925923 0.1015625 0.3527777777777778
3 0.14947916666666666 0.6467592592592593 0.059375 0.18611111111111112
3 0.8643229166666667 0.6583333333333333 0.08177083333333333 0.22037037037037038
3 0.10052083333333334 0.3990740740740741 0.046875 0.28888888888888886
3 0.9252604166666667 0.3861111111111111 0.07239583333333334 0.3148148148148148