5 0.07552083333333333 0.8430555555555556 0.09375 0.18425925925925926
4 0.14479166666666668 0.8416666666666667 0.065625 0.21481481481481482
4 0.06328125 0.49027777777777776 0.034895833333333334 0.22685185185185186
3 0.2015625 0.8435185185185186 0.075 0.2740740740740741
3 0.8830729166666667 0.7657407407407407 0.08177083333333333 0.26296296296296295
3 0.9145833333333333 0.37453703703703706 0.06458333333333334 0.27685185185185185
3 0.1125 0.4708333333333333 0.06041666666666667 0.25092592592592594
2 0.8057291666666667 0.7870370370370371 0.09375 0.3296296296296296
2 0.28489583333333335 0.8435185185185186 0.09375 0.31296296296296294
2 0.83671875 0.3611111111111111 0.09114583333333333 0.34074074074074073
1 0.384375 0.8421296296296297 0.10208333333333333 0.30092592592592593
1 0.70703125 0.8157407407407408 0.10885416666666667 0.28703703703703703
1 0.284375 0.4162037037037037 0.11145833333333334 0.28425925925925927
1 0.7338541666666667 0.36666666666666664 0.10625 0.3055555555555556
0 0.48880208333333336 0.825462962962963 0.1046875 0.25833333333333336
0 0.59765625 0.8189814814814815 0.11302083333333333 0.2601851851851852
0 0.42473958333333334 0.42314814814814816 0.16927083333333334 0.31296296296296294
0 0.5953125 0.40555555555555556 0.171875 0.3148148148148148