0 0.5575520833333333 0.6532407407407408 0.11302083333333333 0.17685185185185184
0 0.4434895833333333 0.6430555555555556 0.10989583333333333 0.16944444444444445
0 0.4078125 0.38981481481481484 0.178125 0.3277777777777778
0 0.5890625 0.3861111111111111 0.184375 0.3574074074074074
1 0.6770833333333334 0.6430555555555556 0.115625 0.25092592592592594
1 0.3419270833333333 0.6592592592592592 0.08697916666666666 0.18333333333333332
1 0.746875 0.3685185185185185 0.12916666666666668 0.337037037037037
2 0.8697916666666666 0.37453703703703706 0.11666666666666667 0.3675925925925926
2 0.7932291666666667 0.6416666666666667 0.11145833333333334 0.362962962962963
3 0.9653645833333333 0.3875 0.06927083333333334 0.33611111111111114
3 0.89296875 0.6773148148148148 0.0859375 0.23425925925925925
4 0.96796875 0.6620370370370371 0.0640625 0.2074074074074074