0 0.45286458333333335 0.637962962962963 0.09635416666666667 0.17407407407407408
0 0.5583333333333333 0.6462962962962963 0.10625 0.16296296296296298
0 0.5869791666666667 0.40185185185185185 0.171875 0.32222222222222224
0 0.41796875 0.39537037037037037 0.16614583333333333 0.3055555555555556
1 0.6690104166666667 0.6333333333333333 0.11302083333333333 0.2222222222222222
1 0.3536458333333333 0.6402777777777777 0.10208333333333333 0.2601851851851852
1 0.28151041666666665 0.38287037037037036 0.10364583333333334 0.2935185185185185
1 0.7307291666666667 0.3800925925925926 0.115625 0.3175925925925926
2 0.78046875 0.6032407407407407 0.10989583333333333 0.3675925925925926
2 0.26145833333333335 0.6569444444444444 0.09270833333333334 0.30277777777777776
2 0.8427083333333333 0.3837962962962963 0.10625 0.36203703703703705
2 0.18958333333333333 0.4078703703703704 0.075 0.33425925925925926
3 0.18046875 0.6606481481481481 0.07239583333333334 0.1675925925925926
3 0.875 0.6657407407407407 0.08958333333333333 0.20555555555555555
3 0.9307291666666667 0.3972222222222222 0.07291666666666667 0.29814814814814816
4 0.946875 0.6412037037037037 0.05625 0.18611111111111112