5 0.0703125 0.8361111111111111 0.08854166666666667 0.17962962962962964
4 0.13463541666666667 0.8444444444444444 0.06197916666666667 0.20925925925925926
3 0.8736979166666666 0.7476851851851852 0.08177083333333333 0.2361111111111111
3 0.19375 0.8300925925925926 0.078125 0.25277777777777777
3 0.9018229166666667 0.36944444444444446 0.06302083333333333 0.2722222222222222
2 0.7979166666666667 0.7611111111111111 0.09375 0.29074074074074074
2 0.27890625 0.8157407407407408 0.0953125 0.26666666666666666
2 0.821875 0.35 0.096875 0.3388888888888889
1 0.3763020833333333 0.8203703703703704 0.09947916666666666 0.24814814814814815
1 0.6950520833333333 0.7962962962962963 0.10885416666666667 0.24814814814814815
1 0.27005208333333336 0.4097222222222222 0.10989583333333333 0.27685185185185185
1 0.7177083333333333 0.36435185185185187 0.11145833333333334 0.3101851851851852
0 0.48020833333333335 0.8111111111111111 0.10625 0.23333333333333334
0 0.5848958333333333 0.8013888888888889 0.10625 0.23796296296296296
0 0.41119791666666666 0.41944444444444445 0.16927083333333334 0.2962962962962963
0 0.5802083333333333 0.39675925925925926 0.16354166666666667 0.32685185185185184