0 0.5609375 0.6324074074074074 0.09791666666666667 0.1574074074074074
0 0.4609375 0.6212962962962963 0.10208333333333333 0.13518518518518519
0 0.5877604166666667 0.3861111111111111 0.17552083333333332 0.3296296296296296
0 0.41640625 0.3861111111111111 0.16927083333333334 0.3296296296296296
1 0.3575520833333333 0.6282407407407408 0.09947916666666666 0.2175925925925926
1 0.6721354166666667 0.6106481481481482 0.11927083333333334 0.21944444444444444
1 0.2794270833333333 0.36574074074074076 0.1046875 0.29814814814814816
1 0.7346354166666667 0.3648148148148148 0.11822916666666666 0.3
2 0.2635416666666667 0.6416666666666667 0.09375 0.29074074074074074
2 0.784375 0.5986111111111111 0.09895833333333333 0.35833333333333334
2 0.8440104166666667 0.3648148148148148 0.10364583333333334 0.3388888888888889
2 0.18697916666666667 0.3912037037037037 0.078125 0.3435185185185185
3 0.8763020833333334 0.6342592592592593 0.0765625 0.2
3 0.9307291666666667 0.3824074074074074 0.07291666666666667 0.29814814814814816
4 0.946875 0.6328703703703704 0.06145833333333333 0.20277777777777778