0 0.45208333333333334 0.6856481481481481 0.10104166666666667 0.14537037037037037
0 0.55546875 0.6842592592592592 0.10052083333333334 0.14814814814814814
0 0.4119791666666667 0.4486111111111111 0.16770833333333332 0.33425925925925926
0 0.5822916666666667 0.43842592592592594 0.17291666666666666 0.33425925925925926
1 0.6661458333333333 0.6606481481481481 0.12083333333333333 0.20462962962962963
1 0.34817708333333336 0.6856481481481481 0.09427083333333333 0.20277777777777778
1 0.72578125 0.4050925925925926 0.1140625 0.325
1 0.2755208333333333 0.42083333333333334 0.10208333333333333 0.32685185185185184
2 0.7736979166666667 0.6333333333333333 0.09947916666666666 0.34074074074074073
2 0.25546875 0.7046296296296296 0.09635416666666667 0.28888888888888886
2 0.18177083333333333 0.44814814814814813 0.08333333333333333 0.3537037037037037
2 0.83125 0.38472222222222224 0.096875 0.36018518518518516
3 0.8614583333333333 0.662962962962963 0.07395833333333333 0.2
3 0.17083333333333334 0.7069444444444445 0.06979166666666667 0.16018518518518518
3 0.1125 0.4736111111111111 0.052083333333333336 0.28425925925925927
3 0.9106770833333333 0.4125 0.06197916666666667 0.2916666666666667
4 0.11510416666666666 0.7013888888888888 0.046875 0.1712962962962963
4 0.9252604166666667 0.6453703703703704 0.05364583333333333 0.17407407407407408
5 0.053385416666666664 0.687962962962963 0.0734375 0.14074074074074075