0 0.33619791666666665 0.6342592592592593 0.1046875 0.22962962962962963
0 0.65625 0.6296296296296297 0.11979166666666667 0.24814814814814815
0 0.25807291666666665 0.3685185185185185 0.1046875 0.29814814814814816
0 0.721875 0.37453703703703706 0.121875 0.3194444444444444
1 0.5442708333333334 0.6402777777777777 0.10729166666666666 0.16018518518518518
1 0.4393229166666667 0.6282407407407408 0.1046875 0.16018518518518518
1 0.39895833333333336 0.3861111111111111 0.171875 0.32407407407407407
1 0.5721354166666667 0.3875 0.17447916666666666 0.3509259259259259
2 0.2359375 0.6523148148148148 0.10104166666666667 0.30277777777777776
2 0.7697916666666667 0.6180555555555556 0.10729166666666666 0.3675925925925926
2 0.16276041666666666 0.39675925925925926 0.08072916666666667 0.3416666666666667
2 0.8380208333333333 0.3768518518518518 0.10729166666666666 0.3537037037037037
3 0.15208333333333332 0.6615740740740741 0.06458333333333334 0.1787037037037037
3 0.8651041666666667 0.6574074074074074 0.08333333333333333 0.2074074074074074
3 0.10104166666666667 0.40879629629629627 0.04583333333333333 0.2935185185185185
3 0.92734375 0.38657407407407407 0.07135416666666666 0.3101851851851852
4 0.09765625 0.6416666666666667 0.044270833333333336 0.17592592592592593
4 0.9380208333333333 0.637962962962963 0.065625 0.18333333333333332