0 0.6791666666666667 0.6333333333333333 0.11666666666666667 0.25555555555555554
0 0.7541666666666667 0.3731481481481482 0.12708333333333333 0.34629629629629627
1 0.56953125 0.6583333333333333 0.09947916666666666 0.2
1 0.4588541666666667 0.6365740740740741 0.11666666666666667 0.18611111111111112
1 0.5971354166666667 0.38472222222222224 0.18697916666666667 0.3509259259259259
1 0.4125 0.3685185185185185 0.171875 0.34629629629629627
2 0.7950520833333333 0.625 0.11510416666666666 0.3814814814814815
2 0.87890625 0.37916666666666665 0.11927083333333334 0.3768518518518518
3 0.903125 0.6787037037037037 0.09270833333333334 0.2222222222222222
3 0.96796875 0.3912037037037037 0.0640625 0.325
4 0.9747395833333333 0.6560185185185186 0.050520833333333334 0.19537037037037036