0 0.46875 0.6393518518518518 0.09375 0.1527777777777778
0 0.5716145833333334 0.6393518518518518 0.10052083333333334 0.1527777777777778
0 0.428125 0.4013888888888889 0.1625 0.3175925925925926
0 0.5932291666666667 0.4027777777777778 0.16770833333333332 0.32037037037037036
1 0.3690104166666667 0.6273148148148148 0.10052083333333334 0.19537037037037036
1 0.6791666666666667 0.6212962962962963 0.11666666666666667 0.22592592592592592
1 0.2903645833333333 0.37453703703703706 0.1046875 0.30092592592592593
1 0.74140625 0.3768518518518518 0.1265625 0.3148148148148148
2 0.78984375 0.6023148148148149 0.1046875 0.375
2 0.19895833333333332 0.4027777777777778 0.078125 0.34814814814814815
2 0.8549479166666667 0.3763888888888889 0.10052083333333334 0.3435185185185185
3 0.88515625 0.6486111111111111 0.08072916666666667 0.2101851851851852
3 0.94140625 0.38842592592592595 0.07552083333333333 0.30092592592592593
4 0.9549479166666667 0.6402777777777777 0.058854166666666666 0.1935185185185185