0 0.41510416666666666 0.32546296296296295 0.17708333333333334 0.33611111111111114
0 0.5919270833333333 0.3277777777777778 0.17864583333333334 0.337037037037037
0 0.49375 0.7837962962962963 0.11666666666666667 0.30277777777777776
0 0.60703125 0.7837962962962963 0.10989583333333333 0.30277777777777776
1 0.7455729166666667 0.3050925925925926 0.1234375 0.3287037037037037
1 0.26614583333333336 0.30833333333333335 0.12395833333333334 0.32222222222222224
1 0.3776041666666667 0.7921296296296296 0.1125 0.3435185185185185
2 0.8575520833333333 0.3148148148148148 0.0984375 0.3537037037037037
2 0.15677083333333333 0.3449074074074074 0.09270833333333334 0.38425925925925924
2 0.2716145833333333 0.8064814814814815 0.09947916666666666 0.387037037037037
3 0.1796875 0.8064814814814815 0.07916666666666666 0.3148148148148148
3 0.07942708333333333 0.3699074074074074 0.058854166666666666 0.3101851851851852
3 0.9361979166666666 0.34675925925925927 0.058854166666666666 0.31203703703703706
4 0.11041666666666666 0.8171296296296297 0.059375 0.25092592592592594
5 0.03984375 0.8203703703703704 0.0796875 0.2