5 0.05286458333333333 0.6893518518518519 0.0671875 0.13796296296296295
4 0.1109375 0.6953703703703704 0.046875 0.13148148148148148
4 0.9213541666666667 0.6402777777777777 0.05625 0.18425925925925926
3 0.10651041666666666 0.4925925925925926 0.05364583333333333 0.26481481481481484
3 0.90859375 0.41712962962962963 0.06302083333333333 0.2675925925925926
3 0.8528645833333334 0.6574074074074074 0.08072916666666667 0.2222222222222222
3 0.16822916666666668 0.7166666666666667 0.059375 0.15
2 0.17630208333333333 0.4837962962962963 0.08072916666666667 0.3194444444444444
2 0.8260416666666667 0.4050925925925926 0.10208333333333333 0.33425925925925926
2 0.24791666666666667 0.7180555555555556 0.09791666666666667 0.262037037037037
2 0.7669270833333334 0.6328703703703704 0.09114583333333333 0.3509259259259259
1 0.2721354166666667 0.45046296296296295 0.10885416666666667 0.27685185185185185
1 0.7192708333333333 0.42407407407407405 0.11145833333333334 0.2962962962962963
1 0.34869791666666666 0.6916666666666667 0.10052083333333334 0.2
1 0.6606770833333333 0.6689814814814815 0.11822916666666666 0.20833333333333334
0 0.4078125 0.4652777777777778 0.165625 0.3101851851851852
0 0.5763020833333333 0.45092592592592595 0.17135416666666667 0.3296296296296296
0 0.55078125 0.6884259259259259 0.1046875 0.14537037037037037
0 0.44869791666666664 0.6930555555555555 0.09947916666666666 0.14537037037037037