0 0.5669270833333333 0.6259259259259259 0.09947916666666666 0.1648148148148148
0 0.42109375 0.37592592592592594 0.16510416666666666 0.32222222222222224
0 0.5911458333333334 0.38055555555555554 0.171875 0.3314814814814815
1 0.678125 0.6203703703703703 0.12083333333333333 0.20555555555555555
1 0.7338541666666667 0.36342592592592593 0.11666666666666667 0.31203703703703706
1 0.2869791666666667 0.37546296296296294 0.103125 0.287962962962963
2 0.78984375 0.5842592592592593 0.1046875 0.37777777777777777
2 0.19557291666666668 0.39490740740740743 0.0765625 0.32685185185185184
2 0.8455729166666667 0.3731481481481482 0.10364583333333334 0.34074074074074073
3 0.8822916666666667 0.6402777777777777 0.08333333333333333 0.1935185185185185
3 0.9375 0.3814814814814815 0.078125 0.29074074074074074