0 0.56171875 0.6388888888888888 0.1046875 0.14814814814814814
0 0.46484375 0.6347222222222222 0.0890625 0.1527777777777778
0 0.421875 0.3925925925925926 0.171875 0.32222222222222224
0 0.59453125 0.3958333333333333 0.16510416666666666 0.3287037037037037
1 0.36666666666666664 0.6370370370370371 0.10208333333333333 0.20555555555555555
1 0.67421875 0.6222222222222222 0.1234375 0.21481481481481482
1 0.2864583333333333 0.3763888888888889 0.096875 0.30092592592592593
1 0.7388020833333333 0.3680555555555556 0.11822916666666666 0.3175925925925926
2 0.7919270833333333 0.6055555555555555 0.10885416666666667 0.37222222222222223
2 0.26666666666666666 0.6504629629629629 0.10416666666666667 0.2953703703703704
2 0.8494791666666667 0.3611111111111111 0.10104166666666667 0.35555555555555557
2 0.19453125 0.39351851851851855 0.0765625 0.3388888888888889
3 0.88359375 0.6439814814814815 0.07239583333333334 0.20462962962962963
3 0.9359375 0.38981481481481484 0.06979166666666667 0.29444444444444445
4 0.9494791666666667 0.6319444444444444 0.06145833333333333 0.18611111111111112