0 0.5916666666666667 0.3814814814814815 0.18125 0.3814814814814815
0 0.4125 0.3875 0.17708333333333334 0.3453703703703704
0 0.4473958333333333 0.6578703703703703 0.11770833333333333 0.18611111111111112
0 0.565625 0.6763888888888889 0.1125 0.20277777777777778
1 0.7494791666666667 0.3787037037037037 0.13125 0.3388888888888889
1 0.6822916666666666 0.6560185185185186 0.115625 0.25833333333333336
1 0.34322916666666664 0.6689814814814815 0.084375 0.20833333333333334
2 0.7955729166666666 0.6486111111111111 0.1140625 0.3768518518518518
2 0.87109375 0.38981481481481484 0.10885416666666667 0.37407407407407406
3 0.96328125 0.39675925925925926 0.0734375 0.32685185185185184
3 0.89765625 0.6833333333333333 0.09010416666666667 0.21666666666666667
4 0.9708333333333333 0.6643518518518519 0.058333333333333334 0.2175925925925926