0 0.4669270833333333 0.8087962962962963 0.10364583333333334 0.262037037037037
0 0.5736979166666667 0.8074074074074075 0.11302083333333333 0.26481481481481484
0 0.40963541666666664 0.4217592592592593 0.16927083333333334 0.30092592592592593
0 0.5763020833333333 0.40879629629629627 0.16614583333333333 0.3175925925925926
1 0.36484375 0.8291666666666667 0.10052083333333334 0.28425925925925927
1 0.6838541666666667 0.8050925925925926 0.10729166666666666 0.2935185185185185
1 0.2708333333333333 0.4111111111111111 0.10625 0.2796296296296296
1 0.7197916666666667 0.37037037037037035 0.115625 0.29814814814814816
2 0.784375 0.7870370370370371 0.09375 0.3537037037037037
2 0.26614583333333336 0.8375 0.09375 0.325
2 0.8247395833333333 0.36018518518518516 0.09427083333333333 0.3296296296296296
3 0.184375 0.8337962962962963 0.075 0.275
3 0.8635416666666667 0.7731481481481481 0.08020833333333334 0.3055555555555556
3 0.9018229166666667 0.3814814814814815 0.06302083333333333 0.2722222222222222
4 0.9239583333333333 0.750462962962963 0.06979166666666667 0.2361111111111111
4 0.12708333333333333 0.8324074074074074 0.065625 0.20925925925925926
5 0.059375 0.8310185185185185 0.08020833333333334 0.1935185185185185