0 0.5919270833333333 0.32407407407407407 0.17864583333333334 0.362962962962963
0 0.41302083333333334 0.3300925925925926 0.18125 0.3509259259259259
1 0.2635416666666667 0.31712962962962965 0.115625 0.3287037037037037
1 0.7408854166666666 0.31203703703703706 0.11927083333333334 0.32407407407407407
1 0.3768229166666667 0.8157407407407408 0.10885416666666667 0.3148148148148148
1 0.7153645833333333 0.8050925925925926 0.10885416666666667 0.33611111111111114
2 0.8510416666666667 0.3194444444444444 0.09791666666666667 0.3537037037037037
2 0.15546875 0.34953703703703703 0.0953125 0.3509259259259259
2 0.2703125 0.8171296296296297 0.10208333333333333 0.36574074074074076
2 0.8208333333333333 0.8087962962962963 0.10208333333333333 0.3824074074074074
3 0.078125 0.3763888888888889 0.05625 0.3101851851851852
3 0.17890625 0.8217592592592593 0.08072916666666667 0.30833333333333335
3 0.9065104166666667 0.7226851851851852 0.07239583333333334 0.19537037037037036
3 0.93203125 0.34814814814814815 0.0640625 0.3055555555555556
4 0.11119791666666666 0.8217592592592593 0.0546875 0.25092592592592594
5 0.04114583333333333 0.8240740740740741 0.08229166666666667 0.21296296296296297