0 0.46536458333333336 0.7402777777777778 0.10052083333333334 0.2601851851851852
0 0.5729166666666666 0.7430555555555556 0.11458333333333333 0.275
0 0.4192708333333333 0.3837962962962963 0.16354166666666667 0.30092592592592593
0 0.5869791666666667 0.3875 0.171875 0.31203703703703706
1 0.36692708333333335 0.7481481481481481 0.09427083333333333 0.29814814814814816
1 0.6856770833333333 0.7476851851851852 0.10572916666666667 0.2935185185185185
1 0.28567708333333336 0.36712962962962964 0.10052083333333334 0.2861111111111111
1 0.7333333333333333 0.36342592592592593 0.115625 0.32685185185185184
2 0.27291666666666664 0.7666666666666667 0.09375 0.37962962962962965
2 0.7890625 0.7513888888888889 0.09791666666666667 0.3675925925925926
2 0.19635416666666666 0.39444444444444443 0.078125 0.337037037037037
2 0.8447916666666667 0.36342592592592593 0.10208333333333333 0.36574074074074076
3 0.19505208333333332 0.7490740740740741 0.058854166666666666 0.2962962962962963
3 0.8770833333333333 0.7143518518518519 0.08020833333333334 0.26944444444444443
3 0.13125 0.4078703703703704 0.05 0.2861111111111111
3 0.9315104166666667 0.37453703703703706 0.06822916666666666 0.3194444444444444
4 0.9486979166666667 0.7226851851851852 0.06302083333333333 0.22870370370370371