0 0.48489583333333336 0.7893518518518519 0.1125 0.3194444444444444
0 0.41119791666666666 0.32314814814814813 0.1796875 0.337037037037037
0 0.5911458333333334 0.3194444444444444 0.17708333333333334 0.3574074074074074
1 0.3729166666666667 0.8050925925925926 0.11458333333333333 0.33240740740740743
1 0.2596354166666667 0.30833333333333335 0.1234375 0.29814814814814816
1 0.7380208333333333 0.300462962962963 0.11979166666666667 0.325
2 0.26614583333333336 0.8157407407407408 0.09895833333333333 0.362962962962963
2 0.8200520833333333 0.8004629629629629 0.10572916666666667 0.3990740740740741
2 0.15260416666666668 0.34074074074074073 0.0875 0.3574074074074074
2 0.8486979166666667 0.31574074074074077 0.1046875 0.35555555555555557
3 0.17630208333333333 0.8217592592592593 0.07760416666666667 0.30833333333333335
3 0.909375 0.7800925925925926 0.075 0.3287037037037037
3 0.07890625 0.37175925925925923 0.06302083333333333 0.2953703703703704
3 0.9315104166666667 0.3458333333333333 0.06302083333333333 0.3101851851851852
4 0.10729166666666666 0.8180555555555555 0.06041666666666667 0.24351851851851852
5 0.03697916666666667 0.8180555555555555 0.07395833333333333 0.20462962962962963