0 0.596875 0.3837962962962963 0.18125 0.3675925925925926
0 0.4197916666666667 0.36944444444444446 0.17083333333333334 0.3574074074074074
0 0.4513020833333333 0.6416666666666667 0.10989583333333333 0.17592592592592593
0 0.565625 0.6509259259259259 0.1125 0.16666666666666666
1 0.6796875 0.6462962962962963 0.12083333333333333 0.2537037037037037
1 0.7549479166666667 0.36574074074074076 0.13177083333333334 0.35555555555555557
2 0.8770833333333333 0.37083333333333335 0.10729166666666666 0.36944444444444446
2 0.7971354166666667 0.6222222222222222 0.1140625 0.40555555555555556
3 0.9666666666666667 0.3875 0.06666666666666667 0.32685185185185184
3 0.9010416666666666 0.6736111111111112 0.096875 0.2361111111111111
4 0.9747395833333333 0.6666666666666666 0.050520833333333334 0.22592592592592592