5 0.04375 0.6893518518518519 0.06041666666666667 0.13796296296296295
4 0.10442708333333334 0.6953703703703704 0.049479166666666664 0.14074074074074075
4 0.9171875 0.637962962962963 0.059375 0.18333333333333332
3 0.16015625 0.7083333333333334 0.0671875 0.16666666666666666
3 0.8494791666666667 0.6583333333333333 0.07604166666666666 0.20555555555555555
3 0.10234375 0.48657407407407405 0.0453125 0.2675925925925926
3 0.9033854166666667 0.41805555555555557 0.06302083333333333 0.2601851851851852
2 0.765625 0.6310185185185185 0.09375 0.3509259259259259
2 0.24322916666666666 0.7152777777777778 0.096875 0.27685185185185185
2 0.821875 0.40185185185185185 0.096875 0.3314814814814815
2 0.17083333333333334 0.4722222222222222 0.08020833333333334 0.3148148148148148
1 0.34479166666666666 0.6824074074074075 0.103125 0.20555555555555555
1 0.6609375 0.6717592592592593 0.11041666666666666 0.20277777777777778
1 0.265625 0.44583333333333336 0.10625 0.27685185185185185
1 0.7153645833333333 0.4134259259259259 0.1140625 0.30277777777777776
0 0.44453125 0.6833333333333333 0.09947916666666666 0.13518518518518519
0 0.55078125 0.6796296296296296 0.10989583333333333 0.14814814814814814
0 0.403125 0.4615740740740741 0.16354166666666667 0.30833333333333335
0 0.5734375 0.44351851851851853 0.171875 0.32407407407407407