0 0.5520833333333334 0.6722222222222223 0.10729166666666666 0.21481481481481482
0 0.44609375 0.6620370370370371 0.1046875 0.21666666666666667
0 0.5890625 0.3800925925925926 0.18125 0.375
0 0.40390625 0.37546296296296294 0.18385416666666668 0.36018518518518516
1 0.66953125 0.6537037037037037 0.11927083333333334 0.2574074074074074
1 0.33984375 0.6615740740740741 0.09947916666666666 0.1787037037037037
1 0.746875 0.36944444444444446 0.12916666666666668 0.3388888888888889
2 0.7890625 0.6439814814814815 0.11979166666666667 0.39166666666666666
2 0.86953125 0.38055555555555554 0.12239583333333333 0.3888888888888889
3 0.8953125 0.674074074074074 0.09270833333333334 0.2074074074074074
3 0.9666666666666667 0.3875 0.06666666666666667 0.3453703703703704
4 0.9708333333333333 0.6703703703703704 0.058333333333333334 0.20555555555555555