0 0.5984375 0.3194444444444444 0.178125 0.3537037037037037
0 0.41640625 0.32083333333333336 0.1796875 0.3509259259259259
0 0.49505208333333334 0.7800925925925926 0.1140625 0.3287037037037037
0 0.6098958333333333 0.7777777777777778 0.115625 0.32407407407407407
1 0.7481770833333333 0.3050925925925926 0.11822916666666666 0.325
1 0.2674479166666667 0.3101851851851852 0.11302083333333333 0.3055555555555556
1 0.38307291666666665 0.7898148148148149 0.11302083333333333 0.3296296296296296
2 0.16145833333333334 0.34675925925925927 0.09895833333333333 0.36018518518518516
2 0.27369791666666665 0.8125 0.10052083333333334 0.375
2 0.8583333333333333 0.3101851851851852 0.10208333333333333 0.37222222222222223
3 0.9408854166666667 0.3421296296296296 0.06302083333333333 0.33611111111111114
3 0.08489583333333334 0.37546296296296294 0.051041666666666666 0.287962962962963
3 0.18229166666666666 0.8087962962962963 0.07604166666666666 0.30092592592592593
4 0.11302083333333333 0.8134259259259259 0.05625 0.24351851851851852
5 0.04244791666666667 0.8180555555555555 0.08489583333333334 0.20462962962962963