0 0.49244791666666665 0.7847222222222222 0.1140625 0.30092592592592593
0 0.5924479166666666 0.31203703703703706 0.1828125 0.34814814814814815
0 0.41510416666666666 0.31203703703703706 0.17708333333333334 0.34814814814814815
1 0.3802083333333333 0.8013888888888889 0.1125 0.31574074074074077
1 0.2669270833333333 0.3050925925925926 0.11927083333333334 0.30092592592592593
1 0.74296875 0.2967592592592593 0.1234375 0.3416666666666667
2 0.27291666666666664 0.8148148148148148 0.096875 0.37037037037037035
2 0.828125 0.7837962962962963 0.09270833333333334 0.38425925925925924
2 0.15755208333333334 0.34675925925925927 0.09114583333333333 0.3509259259259259
2 0.85625 0.30787037037037035 0.10104166666666667 0.3675925925925926
3 0.184375 0.8087962962962963 0.075 0.2916666666666667
3 0.91328125 0.774074074074074 0.08072916666666667 0.31296296296296294
3 0.08020833333333334 0.3814814814814815 0.06041666666666667 0.2962962962962963
3 0.9401041666666666 0.3300925925925926 0.06145833333333333 0.33240740740740743
4 0.11588541666666667 0.8111111111111111 0.06197916666666667 0.22962962962962963
5 0.04114583333333333 0.8125 0.08229166666666667 0.1935185185185185