0 0.4549479166666667 0.625 0.0953125 0.14814814814814814
0 0.41510416666666666 0.39444444444444443 0.16666666666666666 0.31296296296296294
0 0.5869791666666667 0.3972222222222222 0.171875 0.32222222222222224
0 0.559375 0.6370370370370371 0.11145833333333334 0.1574074074074074
1 0.6729166666666667 0.624537037037037 0.11041666666666666 0.21944444444444444
1 0.359375 0.624537037037037 0.09270833333333334 0.2101851851851852
1 0.7333333333333333 0.3699074074074074 0.11770833333333333 0.3101851851851852
1 0.28072916666666664 0.37916666666666665 0.10208333333333333 0.2916666666666667
2 0.7815104166666667 0.5949074074074074 0.1046875 0.36018518518518516
2 0.8440104166666667 0.37407407407407406 0.10364583333333334 0.3537037037037037
2 0.18880208333333334 0.40185185185185185 0.08177083333333333 0.34629629629629627
3 0.87421875 0.6462962962962963 0.08072916666666667 0.1962962962962963
3 0.93203125 0.3921296296296296 0.07239583333333334 0.29907407407407405
4 0.9455729166666667 0.6310185185185185 0.06197916666666667 0.16944444444444445