5 0.05260416666666667 0.8240740740740741 0.075 0.17962962962962964
4 0.1203125 0.8203703703703704 0.06041666666666667 0.21481481481481482
3 0.85703125 0.7560185185185185 0.08072916666666667 0.2953703703703704
3 0.18046875 0.8143518518518519 0.07239583333333334 0.2601851851851852
3 0.09635416666666667 0.4638888888888889 0.057291666666666664 0.25
3 0.8989583333333333 0.36574074074074076 0.06041666666666667 0.2740740740740741
2 0.26276041666666666 0.8300925925925926 0.09010416666666667 0.3398148148148148
2 0.77890625 0.774074074074074 0.09427083333333333 0.3648148148148148
2 0.8205729166666667 0.350462962962963 0.09635416666666667 0.3490740740740741
1 0.36015625 0.8166666666666667 0.09947916666666666 0.28888888888888886
1 0.67890625 0.7898148148148149 0.10572916666666667 0.2814814814814815
1 0.7205729166666667 0.36342592592592593 0.10572916666666667 0.30833333333333335
0 0.46484375 0.7930555555555555 0.1046875 0.2601851851851852
0 0.5700520833333333 0.787962962962963 0.10885416666666667 0.26481481481481484
0 0.4119791666666667 0.4125 0.1625 0.3101851851851852
0 0.58046875 0.40185185185185185 0.16927083333333334 0.32222222222222224