5 0.078125 0.8453703703703703 0.08854166666666667 0.18888888888888888
4 0.14401041666666667 0.8481481481481481 0.0640625 0.2074074074074074
3 0.20390625 0.8541666666666666 0.0765625 0.2916666666666667
3 0.8809895833333333 0.7754629629629629 0.07760416666666667 0.27685185185185185
3 0.9151041666666667 0.38472222222222224 0.06041666666666667 0.2601851851851852
3 0.11380208333333333 0.47824074074074074 0.0578125 0.24537037037037038
2 0.8057291666666667 0.788425925925926 0.09375 0.33240740740740743
2 0.2911458333333333 0.8435185185185186 0.09270833333333334 0.31296296296296294
2 0.8393229166666667 0.3680555555555556 0.09114583333333333 0.3416666666666667
1 0.3848958333333333 0.8527777777777777 0.09791666666666667 0.29444444444444445
1 0.7036458333333333 0.8240740740740741 0.10729166666666666 0.28888888888888886
1 0.28828125 0.4162037037037037 0.10885416666666667 0.28425925925925927
1 0.73671875 0.37453703703703706 0.1109375 0.3101851851851852
0 0.48828125 0.8287037037037037 0.10364583333333334 0.26481481481481484
0 0.5950520833333334 0.8231481481481482 0.1078125 0.26296296296296295
0 0.42942708333333335 0.42314814814814816 0.1703125 0.3074074074074074
0 0.5979166666666667 0.4101851851851852 0.16666666666666666 0.32407407407407407