0 0.46328125 0.6324074074074074 0.1046875 0.1574074074074074
0 0.5682291666666667 0.6333333333333333 0.10208333333333333 0.15925925925925927
0 0.42265625 0.3851851851851852 0.1703125 0.34074074074074073
0 0.59296875 0.38287037037037036 0.1703125 0.33611111111111114
1 0.6755208333333333 0.6129629629629629 0.1125 0.2537037037037037
1 0.2828125 0.37037037037037035 0.10625 0.29814814814814816
1 0.7372395833333333 0.3685185185185185 0.11822916666666666 0.3074074074074074
2 0.784375 0.5879629629629629 0.10520833333333333 0.37407407407407406
2 0.19166666666666668 0.40370370370370373 0.07395833333333333 0.32222222222222224
2 0.8440104166666667 0.3731481481481482 0.0953125 0.3277777777777778
3 0.88046875 0.637962962962963 0.08489583333333334 0.2074074074074074
3 0.9325520833333333 0.3837962962962963 0.08177083333333333 0.2953703703703704
4 0.9510416666666667 0.6259259259259259 0.05625 0.18333333333333332