0 0.45755208333333336 0.6152777777777778 0.10052083333333334 0.14351851851851852
0 0.5580729166666667 0.6296296296296297 0.10364583333333334 0.16296296296296298
0 0.5869791666666667 0.38055555555555554 0.171875 0.3314814814814815
0 0.41510416666666666 0.3814814814814815 0.16354166666666667 0.32037037037037036
1 0.6661458333333333 0.612037037037037 0.10729166666666666 0.2222222222222222
1 0.3609375 0.625 0.09791666666666667 0.22962962962962963
1 0.73203125 0.35648148148148145 0.11822916666666666 0.3074074074074074
1 0.28020833333333334 0.35648148148148145 0.103125 0.29814814814814816
2 0.7776041666666667 0.5935185185185186 0.10729166666666666 0.362962962962963
2 0.26276041666666666 0.6453703703703704 0.0953125 0.28888888888888886
2 0.8427083333333333 0.35509259259259257 0.09791666666666667 0.35833333333333334
2 0.1875 0.3851851851851852 0.084375 0.34074074074074073
3 0.8734375 0.6370370370370371 0.07916666666666666 0.20555555555555555
3 0.928125 0.3731481481481482 0.06979166666666667 0.3037037037037037
4 0.94765625 0.6212962962962963 0.06302083333333333 0.18888888888888888