0 0.46953125 0.8064814814814815 0.10572916666666667 0.2574074074074074
0 0.5770833333333333 0.8037037037037037 0.10625 0.2574074074074074
0 0.41119791666666666 0.42407407407407405 0.17447916666666666 0.3055555555555556
0 0.5809895833333333 0.41388888888888886 0.16822916666666668 0.31296296296296294
1 0.36744791666666665 0.825462962962963 0.10364583333333334 0.2861111111111111
1 0.6838541666666667 0.7967592592592593 0.10729166666666666 0.27685185185185185
1 0.7213541666666666 0.3768518518518518 0.1125 0.2962962962962963
2 0.784375 0.7800925925925926 0.09375 0.3490740740740741
2 0.2682291666666667 0.8351851851851851 0.08958333333333333 0.3296296296296296
2 0.8247395833333333 0.3648148148148148 0.09427083333333333 0.3296296296296296
3 0.18697916666666667 0.8203703703703704 0.08020833333333334 0.26296296296296295
3 0.8627604166666667 0.7597222222222222 0.08177083333333333 0.27870370370370373
3 0.9026041666666667 0.3837962962962963 0.059375 0.2712962962962963
3 0.10026041666666667 0.4685185185185185 0.06302083333333333 0.26481481481481484
4 0.12473958333333333 0.8277777777777777 0.06302083333333333 0.20555555555555555
5 0.06015625 0.8300925925925926 0.09010416666666667 0.20462962962962963