5 0.06067708333333333 0.8398148148148148 0.09114583333333333 0.19074074074074074
4 0.12526041666666668 0.837037037037037 0.0640625 0.21481481481481482
3 0.18489583333333334 0.8393518518518519 0.06875 0.2675925925925926
3 0.86484375 0.7703703703703704 0.07760416666666667 0.3
3 0.8971354166666666 0.37916666666666665 0.0640625 0.262037037037037
2 0.7869791666666667 0.7870370370370371 0.09375 0.3537037037037037
2 0.2669270833333333 0.8388888888888889 0.0953125 0.32222222222222224
2 0.81796875 0.3625 0.09114583333333333 0.325
1 0.6856770833333333 0.8087962962962963 0.10885416666666667 0.2916666666666667
1 0.365625 0.8324074074074074 0.096875 0.29074074074074074
1 0.2703125 0.4134259259259259 0.10729166666666666 0.275
1 0.71875 0.37453703703703706 0.10729166666666666 0.30092592592592593
0 0.4661458333333333 0.8157407407407408 0.10208333333333333 0.26666666666666666
0 0.57421875 0.8111111111111111 0.1140625 0.26666666666666666
0 0.40989583333333335 0.425462962962963 0.16666666666666666 0.30833333333333335
0 0.58046875 0.4064814814814815 0.16927083333333334 0.3277777777777778