5 0.04791666666666667 0.6787037037037037 0.065625 0.13148148148148148
4 0.10651041666666666 0.6842592592592592 0.05364583333333333 0.14814814814814814
4 0.9138020833333333 0.625 0.06302083333333333 0.1962962962962963
3 0.16197916666666667 0.7203703703703703 0.065625 0.16296296296296298
3 0.8520833333333333 0.6509259259259259 0.07916666666666666 0.22407407407407406
3 0.10260416666666666 0.48657407407407405 0.051041666666666666 0.25833333333333336
3 0.9005208333333333 0.4050925925925926 0.07083333333333333 0.2675925925925926
2 0.7651041666666667 0.6273148148148148 0.09270833333333334 0.3490740740740741
2 0.24453125 0.7129629629629629 0.09947916666666666 0.2722222222222222
2 0.17213541666666668 0.48055555555555557 0.07760416666666667 0.31666666666666665
2 0.8192708333333333 0.3921296296296296 0.09375 0.3416666666666667
1 0.6575520833333334 0.6592592592592592 0.1171875 0.19814814814814816
1 0.34401041666666665 0.6819444444444445 0.09947916666666666 0.2101851851851852
1 0.2669270833333333 0.44305555555555554 0.10885416666666667 0.27685185185185185
1 0.7138020833333333 0.41574074074074074 0.1140625 0.29814814814814816
0 0.5466145833333333 0.6796296296296296 0.09947916666666666 0.1425925925925926
0 0.4453125 0.6810185185185185 0.103125 0.1361111111111111
0 0.40390625 0.4615740740740741 0.16510416666666666 0.30277777777777776
0 0.57109375 0.44722222222222224 0.16927083333333334 0.32222222222222224