0 0.4856770833333333 0.7847222222222222 0.1109375 0.2916666666666667
0 0.4083333333333333 0.31574074074074077 0.18541666666666667 0.3314814814814815
0 0.5885416666666666 0.3111111111111111 0.17708333333333334 0.35555555555555557
1 0.3729166666666667 0.8037037037037037 0.11145833333333334 0.32037037037037036
1 0.25729166666666664 0.30972222222222223 0.11145833333333334 0.2953703703703704
1 0.73671875 0.3037037037037037 0.11927083333333334 0.3314814814814815
2 0.2635416666666667 0.8125 0.09895833333333333 0.375
2 0.8208333333333333 0.7981481481481482 0.10208333333333333 0.40370370370370373
2 0.15338541666666666 0.3453703703703704 0.09427083333333333 0.34814814814814815
2 0.85 0.3148148148148148 0.10208333333333333 0.362962962962963
3 0.17421875 0.8171296296296297 0.0765625 0.31203703703703706
3 0.9091145833333333 0.7824074074074074 0.07239583333333334 0.3296296296296296
3 0.07682291666666667 0.3824074074074074 0.05364583333333333 0.28888888888888886
3 0.9307291666666667 0.33240740740740743 0.06666666666666667 0.31296296296296294
4 0.10572916666666667 0.8111111111111111 0.05520833333333333 0.2388888888888889
5 0.03854166666666667 0.8185185185185185 0.07708333333333334 0.21481481481481482