5 0.059375 0.8134259259259259 0.08333333333333333 0.17685185185185184
4 0.1203125 0.8157407407407408 0.06041666666666667 0.22037037037037038
2 0.26145833333333335 0.8314814814814815 0.09270833333333334 0.337037037037037
2 0.7809895833333333 0.7763888888888889 0.0984375 0.36574074074074076
2 0.8239583333333333 0.36018518518518516 0.09270833333333334 0.3388888888888889
1 0.359375 0.8194444444444444 0.10104166666666667 0.29814814814814816
1 0.6768229166666667 0.7958333333333333 0.1046875 0.28425925925925927
1 0.7200520833333334 0.36203703703703705 0.11302083333333333 0.3055555555555556
3 0.18229166666666666 0.8194444444444444 0.07604166666666666 0.27037037037037037
3 0.8580729166666666 0.75 0.08072916666666667 0.29814814814814816
3 0.9005208333333333 0.37453703703703706 0.05520833333333333 0.2675925925925926
3 0.09583333333333334 0.4615740740740741 0.06458333333333334 0.275
0 0.46484375 0.7967592592592593 0.1046875 0.25833333333333336
0 0.5708333333333333 0.7921296296296296 0.10729166666666666 0.2675925925925926
0 0.41041666666666665 0.4148148148148148 0.16770833333333332 0.32037037037037036
0 0.5776041666666667 0.4013888888888889 0.16875 0.32685185185185184