0 0.49296875 0.775 0.11302083333333333 0.29074074074074074
0 0.6091145833333333 0.7763888888888889 0.11927083333333334 0.2935185185185185
0 0.41510416666666666 0.32685185185185184 0.18229166666666666 0.3388888888888889
0 0.5950520833333334 0.32685185185185184 0.17760416666666667 0.3388888888888889
1 0.3809895833333333 0.8004629629629629 0.10885416666666667 0.32685185185185184
1 0.2640625 0.3050925925925926 0.11666666666666667 0.30462962962962964
1 0.7442708333333333 0.3111111111111111 0.12083333333333333 0.31296296296296294
2 0.27630208333333334 0.8125 0.10052083333333334 0.375
2 0.15989583333333332 0.3490740740740741 0.08854166666666667 0.3648148148148148
2 0.8575520833333333 0.31712962962962965 0.10572916666666667 0.35833333333333334
3 0.18645833333333334 0.8097222222222222 0.07395833333333333 0.31203703703703706
3 0.9153645833333334 0.7648148148148148 0.08177083333333333 0.29814814814814816
3 0.08567708333333333 0.3824074074074074 0.0546875 0.2796296296296296
3 0.940625 0.33935185185185185 0.06041666666666667 0.32685185185185184
4 0.1171875 0.8194444444444444 0.059375 0.27037037037037037
5 0.052083333333333336 0.825462962962963 0.07395833333333333 0.22870370370370371