0 0.46145833333333336 0.7800925925925926 0.10104166666666667 0.27685185185185185
0 0.5682291666666667 0.7861111111111111 0.1125 0.2740740740740741
0 0.4153645833333333 0.40555555555555556 0.1609375 0.3148148148148148
0 0.5830729166666667 0.4064814814814815 0.17447916666666666 0.31666666666666665
1 0.36276041666666664 0.7944444444444444 0.09427083333333333 0.3055555555555556
1 0.6796875 0.7921296296296296 0.1125 0.2861111111111111
1 0.2830729166666667 0.3824074074074074 0.10052083333333334 0.28888888888888886
1 0.7307291666666667 0.3787037037037037 0.115625 0.3055555555555556
2 0.784375 0.7870370370370371 0.09895833333333333 0.37222222222222223
2 0.26796875 0.7967592592592593 0.0953125 0.3490740740740741
2 0.1921875 0.4111111111111111 0.075 0.337037037037037
2 0.8434895833333333 0.37916666666666665 0.1046875 0.35833333333333334
3 0.8677083333333333 0.7726851851851851 0.06979166666666667 0.2861111111111111
3 0.19010416666666666 0.7773148148148148 0.06041666666666667 0.2675925925925926
3 0.93203125 0.3958333333333333 0.0671875 0.2953703703703704
3 0.12916666666666668 0.4449074074074074 0.04583333333333333 0.26944444444444443
4 0.14010416666666667 0.788425925925926 0.04583333333333333 0.2212962962962963
4 0.9380208333333333 0.7296296296296296 0.07083333333333333 0.1814814814814815
5 0.08411458333333334 0.7847222222222222 0.06302083333333333 0.19537037037037036