0 0.45677083333333335 0.6453703703703704 0.08854166666666667 0.15555555555555556
0 0.55546875 0.65 0.10572916666666667 0.15
0 0.4158854166666667 0.4027777777777778 0.16510416666666666 0.3388888888888889
0 0.5872395833333334 0.40185185185185185 0.17447916666666666 0.337037037037037
1 0.66953125 0.6328703703703704 0.1140625 0.22685185185185186
1 0.36276041666666664 0.6425925925925926 0.09947916666666666 0.19814814814814816
1 0.28151041666666665 0.3851851851851852 0.10052083333333334 0.29814814814814816
1 0.73203125 0.3875 0.10989583333333333 0.30833333333333335
2 0.2669270833333333 0.6569444444444444 0.0953125 0.30833333333333335
2 0.7783854166666667 0.6189814814814815 0.10572916666666667 0.36018518518518516
2 0.1890625 0.4097222222222222 0.07916666666666666 0.33425925925925926
2 0.84140625 0.3888888888888889 0.10885416666666667 0.34814814814814815
3 0.8744791666666667 0.6606481481481481 0.08333333333333333 0.20462962962962963
3 0.9315104166666667 0.39814814814814814 0.07135416666666666 0.29074074074074074
4 0.946875 0.6370370370370371 0.06458333333333334 0.17222222222222222