5 0.08020833333333334 0.8361111111111111 0.09270833333333334 0.18888888888888888
4 0.1453125 0.837037037037037 0.06979166666666667 0.21481481481481482
3 0.203125 0.8518518518518519 0.06979166666666667 0.2962962962962963
3 0.88515625 0.7611111111111111 0.08072916666666667 0.2722222222222222
3 0.9205729166666666 0.37175925925925923 0.0546875 0.27685185185185185
3 0.121875 0.47824074074074074 0.06041666666666667 0.25092592592592594
2 0.8072916666666666 0.788425925925926 0.096875 0.3509259259259259
2 0.28958333333333336 0.8398148148148148 0.09791666666666667 0.32037037037037036
2 0.8447916666666667 0.36018518518518516 0.096875 0.3388888888888889
1 0.7065104166666667 0.8074074074074075 0.1046875 0.2796296296296296
1 0.3890625 0.8375 0.10104166666666667 0.2916666666666667
1 0.2955729166666667 0.4148148148148148 0.10989583333333333 0.2777777777777778
1 0.7447916666666666 0.3768518518518518 0.103125 0.3055555555555556
0 0.49244791666666665 0.8111111111111111 0.10572916666666667 0.2574074074074074
0 0.5989583333333334 0.8111111111111111 0.10729166666666666 0.26666666666666666
0 0.43411458333333336 0.42314814814814816 0.16927083333333334 0.29444444444444445
0 0.6057291666666667 0.4101851851851852 0.171875 0.32407407407407407