5 0.0546875 0.8171296296296297 0.08229166666666667 0.18796296296296297
4 0.121875 0.8157407407407408 0.057291666666666664 0.20925925925925926
2 0.7822916666666667 0.7717592592592593 0.09791666666666667 0.36018518518518516
2 0.26484375 0.8291666666666667 0.09635416666666667 0.3416666666666667
2 0.8231770833333333 0.350462962962963 0.09114583333333333 0.3435185185185185
3 0.18098958333333334 0.8111111111111111 0.07135416666666666 0.26296296296296295
3 0.8614583333333333 0.7481481481481481 0.084375 0.28888888888888886
3 0.89921875 0.37083333333333335 0.0578125 0.2601851851851852
3 0.09713541666666667 0.4601851851851852 0.06197916666666667 0.2537037037037037
1 0.36223958333333334 0.8134259259259259 0.10052083333333334 0.2916666666666667
1 0.6815104166666667 0.7893518518518519 0.10885416666666667 0.2916666666666667
1 0.7208333333333333 0.36203703703703705 0.11145833333333334 0.2962962962962963
0 0.4635416666666667 0.7893518518518519 0.10208333333333333 0.262037037037037
0 0.5708333333333333 0.787962962962963 0.1125 0.26481481481481484
0 0.4125 0.40879629629629627 0.16875 0.30833333333333335
0 0.5802083333333333 0.40324074074074073 0.16666666666666666 0.3101851851851852