0 0.4635416666666667 0.7416666666666667 0.10208333333333333 0.2722222222222222
0 0.5661458333333333 0.7416666666666667 0.10104166666666667 0.2722222222222222
0 0.4158854166666667 0.3837962962962963 0.16822916666666668 0.3101851851851852
0 0.5861979166666667 0.38472222222222224 0.1703125 0.3175925925925926
1 0.6783854166666666 0.750462962962963 0.11302083333333333 0.30277777777777776
1 0.3614583333333333 0.7527777777777778 0.10208333333333333 0.3074074074074074
1 0.7291666666666666 0.36435185185185187 0.115625 0.3101851851851852
1 0.2794270833333333 0.36574074074074076 0.1046875 0.29814814814814816
2 0.784375 0.75 0.09895833333333333 0.37962962962962965
2 0.2643229166666667 0.7657407407407407 0.09010416666666667 0.37222222222222223
2 0.8401041666666667 0.3648148148148148 0.10625 0.3388888888888889
2 0.18828125 0.39444444444444443 0.07552083333333333 0.34074074074074073
3 0.87578125 0.7287037037037037 0.08072916666666667 0.2796296296296296
3 0.18697916666666667 0.7523148148148148 0.06458333333333334 0.2935185185185185
3 0.12864583333333332 0.4074074074074074 0.041666666666666664 0.2814814814814815
3 0.928125 0.38981481481481484 0.06979166666666667 0.29444444444444445
4 0.13463541666666667 0.7583333333333333 0.0453125 0.24814814814814815
4 0.9494791666666667 0.7226851851851852 0.06458333333333334 0.23425925925925925
5 0.08020833333333334 0.7527777777777778 0.06354166666666666 0.2074074074074074