0 0.5744791666666667 0.649537037037037 0.09270833333333334 0.16944444444444445
0 0.42942708333333335 0.4041666666666667 0.16510416666666666 0.3175925925925926
0 0.5984375 0.4027777777777778 0.17291666666666666 0.32037037037037036
1 0.68046875 0.6226851851851852 0.1140625 0.23425925925925925
1 0.29375 0.3888888888888889 0.10833333333333334 0.2814814814814815
1 0.746875 0.37777777777777777 0.12083333333333333 0.31296296296296294
2 0.7895833333333333 0.6046296296296296 0.10729166666666666 0.35555555555555557
2 0.20260416666666667 0.41388888888888886 0.07395833333333333 0.34629629629629627
2 0.8575520833333333 0.3768518518518518 0.10052083333333334 0.34814814814814815
3 0.88515625 0.6546296296296297 0.08072916666666667 0.21296296296296297
3 0.9455729166666667 0.39351851851851855 0.07239583333333334 0.29074074074074074
4 0.9557291666666666 0.6365740740740741 0.06041666666666667 0.19537037037037036