0 0.46015625 0.6393518518518518 0.0984375 0.1712962962962963
0 0.5643229166666667 0.6370370370370371 0.10989583333333333 0.16666666666666666
0 0.41796875 0.38981481481481484 0.1609375 0.32222222222222224
0 0.5864583333333333 0.38981481481481484 0.17291666666666666 0.3277777777777778
1 0.67421875 0.6393518518518518 0.10989583333333333 0.22870370370370371
1 0.36354166666666665 0.6523148148148148 0.08958333333333333 0.24166666666666667
1 0.284375 0.37407407407407406 0.09791666666666667 0.29074074074074074
1 0.7307291666666667 0.37777777777777777 0.115625 0.3074074074074074
2 0.2703125 0.6643518518518519 0.096875 0.30277777777777776
2 0.7815104166666667 0.6166666666666667 0.1046875 0.3648148148148148
2 0.19114583333333332 0.40046296296296297 0.08333333333333333 0.33425925925925926
2 0.84140625 0.3768518518518518 0.10052083333333334 0.32407407407407407
3 0.18958333333333333 0.6703703703703704 0.06458333333333334 0.1962962962962963
3 0.8744791666666667 0.6532407407407408 0.08333333333333333 0.21944444444444444
3 0.12994791666666666 0.4337962962962963 0.044270833333333336 0.27685185185185185
3 0.9286458333333333 0.3861111111111111 0.07083333333333333 0.3055555555555556
4 0.9447916666666667 0.6453703703703704 0.06041666666666667 0.2074074074074074