0 0.45546875 0.7013888888888888 0.1015625 0.13796296296296295
0 0.5604166666666667 0.7013888888888888 0.10208333333333333 0.1527777777777778
0 0.41432291666666665 0.4828703703703704 0.16510416666666666 0.30277777777777776
0 0.5809895833333333 0.4708333333333333 0.16822916666666668 0.31203703703703706
1 0.6690104166666667 0.6773148148148148 0.11302083333333333 0.19537037037037036
1 0.3541666666666667 0.7 0.103125 0.21296296296296297
1 0.27890625 0.4699074074074074 0.10572916666666667 0.27685185185185185
1 0.7234375 0.43425925925925923 0.11666666666666667 0.3055555555555556
2 0.7729166666666667 0.6472222222222223 0.08958333333333333 0.34629629629629627
2 0.25338541666666664 0.7240740740740741 0.0953125 0.2740740740740741
2 0.18229166666666666 0.4925925925925926 0.0875 0.32222222222222224
2 0.83125 0.41944444444444445 0.096875 0.32407407407407407
3 0.1734375 0.7287037037037037 0.06458333333333334 0.1648148148148148
3 0.86015625 0.6689814814814815 0.08177083333333333 0.22685185185185186
3 0.11380208333333333 0.5125 0.04739583333333333 0.262037037037037
3 0.91328125 0.43842592592592594 0.06197916666666667 0.27685185185185185
4 0.1171875 0.7069444444444445 0.04791666666666667 0.1361111111111111
4 0.9294270833333333 0.6546296296296297 0.06197916666666667 0.17962962962962964
5 0.058333333333333334 0.7013888888888888 0.06979166666666667 0.13425925925925927