0 0.4583333333333333 0.7861111111111111 0.10208333333333333 0.2740740740740741
0 0.5682291666666667 0.7870370370370371 0.115625 0.2814814814814815
0 0.4158854166666667 0.39814814814814814 0.16510416666666666 0.3055555555555556
0 0.5830729166666667 0.399537037037037 0.16614583333333333 0.3175925925925926
1 0.6776041666666667 0.7833333333333333 0.103125 0.28888888888888886
1 0.35546875 0.7930555555555555 0.0984375 0.30833333333333335
1 0.28229166666666666 0.3768518518518518 0.09895833333333333 0.2962962962962963
1 0.7278645833333334 0.37546296296296294 0.1234375 0.30833333333333335
2 0.26197916666666665 0.7967592592592593 0.08854166666666667 0.3527777777777778
2 0.7822916666666667 0.7861111111111111 0.103125 0.37037037037037035
2 0.19036458333333334 0.4097222222222222 0.08177083333333333 0.33425925925925926
2 0.8427083333333333 0.3814814814814815 0.10625 0.34444444444444444
3 0.18776041666666668 0.7870370370370371 0.06302083333333333 0.28703703703703703
3 0.87109375 0.7754629629629629 0.0765625 0.3194444444444444
3 0.12994791666666666 0.43287037037037035 0.0390625 0.26944444444444443
3 0.9328125 0.39305555555555555 0.07083333333333333 0.3101851851851852
4 0.13255208333333332 0.7847222222222222 0.049479166666666664 0.23425925925925925
4 0.94296875 0.7439814814814815 0.0671875 0.20092592592592592
5 0.07630208333333334 0.7907407407407407 0.06302083333333333 0.17962962962962964