0 0.3346354166666667 0.6449074074074074 0.09947916666666666 0.2361111111111111
0 0.6575520833333334 0.6273148148148148 0.10885416666666667 0.23425925925925925
0 0.7231770833333333 0.37916666666666665 0.12239583333333333 0.3194444444444444
0 0.259375 0.36712962962962964 0.11041666666666666 0.30462962962962964
1 0.5453125 0.6546296296296297 0.1125 0.17962962962962964
1 0.43802083333333336 0.6347222222222222 0.10520833333333333 0.1527777777777778
1 0.3971354166666667 0.3921296296296296 0.16510416666666666 0.33240740740740743
1 0.5729166666666666 0.3912037037037037 0.17604166666666668 0.3435185185185185
2 0.23255208333333333 0.6509259259259259 0.09635416666666667 0.2814814814814815
2 0.7708333333333334 0.6199074074074075 0.115625 0.3527777777777778
2 0.8375 0.37546296296296294 0.10625 0.35648148148148145
2 0.16223958333333333 0.3921296296296296 0.08177083333333333 0.3453703703703704
3 0.15208333333333332 0.6523148148148148 0.059375 0.16944444444444445
3 0.8690104166666667 0.6583333333333333 0.08072916666666667 0.2
3 0.9268229166666667 0.3958333333333333 0.07239583333333334 0.2953703703703704
3 0.09765625 0.39814814814814814 0.044270833333333336 0.3
4 0.9380208333333333 0.6416666666666667 0.06041666666666667 0.1962962962962963