0 0.6796875 0.6273148148148148 0.12083333333333333 0.23425925925925925
0 0.7489583333333333 0.3587962962962963 0.125 0.3453703703703704
1 0.56015625 0.6462962962962963 0.11302083333333333 0.1814814814814815
1 0.4549479166666667 0.6333333333333333 0.10052083333333334 0.17962962962962964
1 0.4158854166666667 0.37407407407407406 0.16197916666666667 0.3388888888888889
1 0.5932291666666667 0.3768518518518518 0.18125 0.37222222222222223
2 0.79765625 0.6055555555555555 0.10989583333333333 0.4203703703703704
2 0.87109375 0.36712962962962964 0.10885416666666667 0.36203703703703705
3 0.89921875 0.6583333333333333 0.08697916666666666 0.22037037037037038
3 0.9661458333333334 0.3888888888888889 0.06770833333333333 0.3296296296296296
4 0.9721354166666667 0.6606481481481481 0.05572916666666667 0.19537037037037036