0 0.6013020833333333 0.7726851851851851 0.1140625 0.3101851851851852
0 0.4864583333333333 0.7777777777777778 0.115625 0.3148148148148148
0 0.41119791666666666 0.31203703703703706 0.1796875 0.34814814814814815
0 0.5895833333333333 0.30833333333333335 0.171875 0.35555555555555557
1 0.3776041666666667 0.7800925925925926 0.10729166666666666 0.3287037037037037
1 0.7153645833333333 0.7800925925925926 0.1140625 0.3101851851851852
1 0.2609375 0.3148148148148148 0.12083333333333333 0.3055555555555556
1 0.73671875 0.29814814814814816 0.11927083333333334 0.3296296296296296
2 0.846875 0.3101851851851852 0.09791666666666667 0.362962962962963
2 0.15208333333333332 0.3388888888888889 0.09375 0.37222222222222223
2 0.26953125 0.8101851851851852 0.10052083333333334 0.37962962962962965
3 0.9294270833333333 0.32314814814814813 0.0640625 0.3314814814814815
3 0.07760416666666667 0.3837962962962963 0.05520833333333333 0.2824074074074074
3 0.18020833333333333 0.8018518518518518 0.078125 0.3055555555555556
4 0.1125 0.8004629629629629 0.06041666666666667 0.2361111111111111
5 0.03984375 0.812037037037037 0.0796875 0.21666666666666667