0 0.5911458333333334 0.3226851851851852 0.17708333333333334 0.36018518518518516
0 0.41302083333333334 0.32407407407407407 0.17604166666666668 0.3537037037037037
1 0.7138020833333333 0.8023148148148148 0.10052083333333334 0.32685185185185184
1 0.3776041666666667 0.8134259259259259 0.115625 0.31574074074074077
1 0.265625 0.3125 0.121875 0.3194444444444444
1 0.7401041666666667 0.3143518518518518 0.12083333333333333 0.33425925925925926
2 0.81953125 0.7981481481481482 0.1046875 0.40370370370370373
2 0.2703125 0.8148148148148148 0.09375 0.3648148148148148
2 0.1546875 0.35324074074074074 0.096875 0.3675925925925926
2 0.8515625 0.32175925925925924 0.09895833333333333 0.3768518518518518
3 0.17890625 0.8291666666666667 0.0859375 0.3416666666666667
3 0.909375 0.7111111111111111 0.075 0.19074074074074074
3 0.078125 0.37407407407407406 0.05625 0.3296296296296296
3 0.9346354166666667 0.3458333333333333 0.0671875 0.33425925925925926
4 0.10703125 0.8268518518518518 0.0578125 0.28888888888888886
5 0.03854166666666667 0.8263888888888888 0.07708333333333334 0.20277777777777778