0 0.4317708333333333 0.39814814814814814 0.1625 0.3296296296296296
0 0.6005208333333333 0.39675925925925926 0.171875 0.3416666666666667
1 0.6848958333333334 0.6203703703703703 0.115625 0.2388888888888889
1 0.29765625 0.37777777777777777 0.10572916666666667 0.2796296296296296
1 0.7455729166666667 0.3800925925925926 0.11822916666666666 0.30277777777777776
2 0.7924479166666667 0.6023148148148149 0.09947916666666666 0.36574074074074076
2 0.203125 0.4074074074074074 0.08020833333333334 0.3296296296296296
2 0.8549479166666667 0.3731481481481482 0.10052083333333334 0.34074074074074073
3 0.8848958333333333 0.6523148148148148 0.08333333333333333 0.22685185185185186
3 0.9427083333333334 0.399537037037037 0.075 0.2935185185185185
4 0.95546875 0.6356481481481482 0.0546875 0.1787037037037037