0 0.5955729166666667 0.36342592592592593 0.18385416666666668 0.375
0 0.4125 0.36342592592592593 0.17708333333333334 0.36574074074074076
0 0.45208333333333334 0.6333333333333333 0.10833333333333334 0.1648148148148148
0 0.5622395833333333 0.6462962962962963 0.1140625 0.1962962962962963
1 0.7513020833333334 0.3527777777777778 0.12760416666666666 0.3574074074074074
1 0.6809895833333334 0.6388888888888888 0.11822916666666666 0.24814814814814815
1 0.34791666666666665 0.6509259259259259 0.08854166666666667 0.20555555555555555
2 0.87421875 0.3587962962962963 0.11302083333333333 0.38425925925925924
2 0.8026041666666667 0.6319444444444444 0.121875 0.3861111111111111
3 0.9661458333333334 0.38842592592592595 0.06770833333333333 0.3194444444444444
3 0.9057291666666667 0.6597222222222222 0.07916666666666666 0.2175925925925926
4 0.9721354166666667 0.6509259259259259 0.05572916666666667 0.20555555555555555