0 0.46484375 0.7212962962962963 0.1046875 0.2796296296296296
0 0.5721354166666667 0.7180555555555556 0.10989583333333333 0.27685185185185185
0 0.4166666666666667 0.3837962962962963 0.16354166666666667 0.31574074074074077
0 0.58515625 0.3851851851851852 0.1703125 0.31296296296296294
1 0.6830729166666667 0.7240740740740741 0.10885416666666667 0.29814814814814816
1 0.3640625 0.7347222222222223 0.096875 0.31574074074074077
1 0.7307291666666667 0.36342592592592593 0.12083333333333333 0.30833333333333335
1 0.28151041666666665 0.37175925925925923 0.10052083333333334 0.2953703703703704
2 0.7890625 0.7347222222222223 0.10104166666666667 0.3768518518518518
2 0.2682291666666667 0.7537037037037037 0.09270833333333334 0.3814814814814815
2 0.19453125 0.38842592592592595 0.0765625 0.35833333333333334
2 0.8453125 0.36018518518518516 0.10625 0.3537037037037037
3 0.19088541666666667 0.7421296296296296 0.06197916666666667 0.30092592592592593
3 0.8791666666666667 0.7143518518518519 0.07916666666666666 0.30833333333333335
3 0.13333333333333333 0.4101851851851852 0.04583333333333333 0.3055555555555556
3 0.9307291666666667 0.3861111111111111 0.06145833333333333 0.2814814814814815
4 0.9502604166666667 0.7097222222222223 0.06822916666666666 0.24537037037037038