0 0.4708333333333333 0.6416666666666667 0.103125 0.16666666666666666
0 0.57109375 0.6416666666666667 0.1046875 0.16296296296296298
0 0.42994791666666665 0.3990740740740741 0.1640625 0.31296296296296294
0 0.5958333333333333 0.40046296296296297 0.17083333333333334 0.3194444444444444
1 0.678125 0.6273148148148148 0.10208333333333333 0.225
1 0.36822916666666666 0.6476851851851851 0.09895833333333333 0.1935185185185185
1 0.29296875 0.387037037037037 0.1046875 0.28888888888888886
1 0.7427083333333333 0.3814814814814815 0.12083333333333333 0.3148148148148148
2 0.7869791666666667 0.6032407407407407 0.115625 0.3768518518518518
2 0.275 0.6486111111111111 0.0875 0.22870370370370371
2 0.203125 0.4041666666666667 0.075 0.3416666666666667
2 0.85625 0.37916666666666665 0.09791666666666667 0.35833333333333334
3 0.8856770833333333 0.6523148148148148 0.08177083333333333 0.18796296296296297
3 0.9416666666666667 0.4027777777777778 0.06979166666666667 0.2814814814814815
4 0.95546875 0.6439814814814815 0.0578125 0.19166666666666668