5 0.05546875 0.7060185185185185 0.0640625 0.1527777777777778
4 0.92734375 0.6597222222222222 0.0546875 0.1787037037037037
4 0.11302083333333333 0.7106481481481481 0.04583333333333333 0.14351851851851852
3 0.11119791666666666 0.5138888888888888 0.049479166666666664 0.2462962962962963
3 0.17213541666666668 0.7347222222222223 0.0671875 0.1712962962962963
3 0.9106770833333333 0.4398148148148148 0.06197916666666667 0.26481481481481484
3 0.8604166666666667 0.6736111111111112 0.07916666666666666 0.20277777777777778
2 0.8299479166666667 0.42083333333333334 0.09947916666666666 0.32685185185185184
2 0.7744791666666667 0.6416666666666667 0.09270833333333334 0.3574074074074074
2 0.18020833333333333 0.49722222222222223 0.08333333333333333 0.31296296296296294
2 0.2526041666666667 0.7347222222222223 0.09375 0.27685185185185185
1 0.2755208333333333 0.4638888888888889 0.10729166666666666 0.27037037037037037
1 0.72265625 0.4388888888888889 0.11510416666666666 0.29074074074074074
1 0.35208333333333336 0.7046296296296296 0.10520833333333333 0.21296296296296297
1 0.6674479166666667 0.6680555555555555 0.11822916666666666 0.22870370370370371
0 0.4125 0.48518518518518516 0.16666666666666666 0.3037037037037037
0 0.58046875 0.4722222222222222 0.16927083333333334 0.3148148148148148
0 0.45546875 0.7060185185185185 0.1015625 0.14351851851851852
0 0.5572916666666666 0.7023148148148148 0.10208333333333333 0.15092592592592594