0 0.6057291666666667 0.799074074074074 0.1125 0.3111111111111111
0 0.49192708333333335 0.788425925925926 0.11822916666666666 0.29907407407407405
0 0.41380208333333335 0.3337962962962963 0.17760416666666667 0.31574074074074077
0 0.59375 0.32546296296296295 0.18229166666666666 0.3416666666666667
1 0.3796875 0.8087962962962963 0.103125 0.3101851851851852
1 0.26484375 0.31342592592592594 0.11822916666666666 0.30833333333333335
1 0.7434895833333334 0.30648148148148147 0.11927083333333334 0.32222222222222224
2 0.2708333333333333 0.8134259259259259 0.10833333333333334 0.3731481481481482
2 0.8549479166666667 0.31712962962962965 0.10052083333333334 0.3675925925925926
2 0.15807291666666667 0.34814814814814815 0.0953125 0.37222222222222223
3 0.17838541666666666 0.8180555555555555 0.0765625 0.2953703703703704
3 0.9098958333333333 0.7773148148148148 0.07604166666666666 0.2861111111111111
3 0.08098958333333334 0.38287037037037036 0.058854166666666666 0.2935185185185185
3 0.9346354166666667 0.34814814814814815 0.06197916666666667 0.3296296296296296
4 0.11041666666666666 0.8134259259259259 0.05625 0.22870370370370371
5 0.0390625 0.8291666666666667 0.078125 0.22685185185185186