5 0.05625 0.8231481481481482 0.07916666666666666 0.19074074074074074
4 0.12942708333333333 0.8277777777777777 0.0671875 0.20555555555555555
2 0.78984375 0.7800925925925926 0.09427083333333333 0.35833333333333334
2 0.2721354166666667 0.8337962962962963 0.0953125 0.33240740740740743
2 0.8333333333333334 0.3541666666666667 0.0875 0.33611111111111114
3 0.8677083333333333 0.7597222222222222 0.08333333333333333 0.2935185185185185
3 0.18697916666666667 0.8240740740740741 0.07291666666666667 0.27037037037037037
3 0.10364583333333334 0.4699074074074074 0.059375 0.24351851851851852
3 0.9098958333333333 0.37175925925925923 0.06354166666666666 0.25833333333333336
1 0.37083333333333335 0.8268518518518518 0.10208333333333333 0.29814814814814816
1 0.6877604166666667 0.799074074074074 0.10989583333333333 0.28703703703703703
1 0.278125 0.40185185185185185 0.10729166666666666 0.2796296296296296
1 0.72734375 0.36342592592592593 0.1140625 0.30277777777777776
0 0.4734375 0.8060185185185185 0.10625 0.2675925925925926
0 0.57890625 0.8 0.1046875 0.26481481481481484
0 0.4158854166666667 0.4162037037037037 0.16822916666666668 0.30277777777777776
0 0.5856770833333333 0.40324074074074073 0.16927083333333334 0.3101851851851852