0 0.4158854166666667 0.3194444444444444 0.17552083333333332 0.3388888888888889
0 0.5942708333333333 0.32314814814814813 0.18125 0.34629629629629627
1 0.2643229166666667 0.31203703703703706 0.1140625 0.3055555555555556
1 0.7442708333333333 0.31203703703703706 0.115625 0.3148148148148148
1 0.38385416666666666 0.8074074074074075 0.11145833333333334 0.3037037037037037
1 0.7213541666666666 0.8037037037037037 0.10729166666666666 0.3296296296296296
2 0.15885416666666666 0.3490740740740741 0.09375 0.35555555555555557
2 0.2721354166666667 0.8134259259259259 0.10885416666666667 0.3731481481481482
2 0.8515625 0.32314814814814813 0.096875 0.3648148148148148
2 0.8260416666666667 0.8050925925925926 0.096875 0.38981481481481484
3 0.9359375 0.35138888888888886 0.06458333333333334 0.3175925925925926
3 0.08177083333333333 0.37777777777777777 0.06041666666666667 0.3074074074074074
3 0.178125 0.8337962962962963 0.07395833333333333 0.33240740740740743
3 0.9119791666666667 0.725925925925926 0.075 0.19814814814814816
4 0.1125 0.825462962962963 0.057291666666666664 0.23796296296296296
5 0.04114583333333333 0.8291666666666667 0.08229166666666667 0.20277777777777778