5 0.07942708333333333 0.8407407407407408 0.09114583333333333 0.18333333333333332
4 0.14661458333333333 0.8467592592592592 0.0671875 0.20462962962962963
2 0.8018229166666667 0.7870370370370371 0.09427083333333333 0.3296296296296296
2 0.2890625 0.8435185185185186 0.09375 0.31296296296296294
2 0.8375 0.3648148148148148 0.09270833333333334 0.3296296296296296
3 0.20494791666666667 0.850462962962963 0.07135416666666666 0.27870370370370373
3 0.8830729166666667 0.7703703703703704 0.0796875 0.2722222222222222
3 0.11197916666666667 0.47824074074074074 0.06458333333333334 0.24166666666666667
3 0.91328125 0.3787037037037037 0.058854166666666666 0.2814814814814815
1 0.38567708333333334 0.8527777777777777 0.09635416666666667 0.29444444444444445
1 0.703125 0.8157407407407408 0.10625 0.28703703703703703
1 0.2877604166666667 0.4134259259259259 0.10989583333333333 0.275
1 0.7359375 0.3768518518518518 0.11041666666666666 0.2962962962962963
0 0.4875 0.8277777777777777 0.10208333333333333 0.26296296296296295
0 0.5950520833333334 0.8208333333333333 0.10989583333333333 0.2675925925925926
0 0.42734375 0.425462962962963 0.16927083333333334 0.30277777777777776
0 0.5950520833333334 0.4101851851851852 0.16927083333333334 0.3148148148148148