0 0.46536458333333336 0.6472222222222223 0.09010416666666667 0.1648148148148148
0 0.5729166666666666 0.6393518518518518 0.11145833333333334 0.1675925925925926
0 0.42994791666666665 0.40046296296296297 0.16614583333333333 0.3287037037037037
0 0.59921875 0.399537037037037 0.16927083333333334 0.3175925925925926
1 0.6796875 0.6356481481481482 0.09895833333333333 0.2175925925925926
1 0.3703125 0.6402777777777777 0.09270833333333334 0.15092592592592594
1 0.29375 0.3800925925925926 0.10625 0.2935185185185185
1 0.7434895833333334 0.3837962962962963 0.1171875 0.30092592592592593
2 0.7864583333333334 0.6097222222222223 0.11145833333333334 0.3509259259259259
2 0.20130208333333333 0.4125 0.0765625 0.3490740740740741
2 0.8549479166666667 0.3726851851851852 0.10572916666666667 0.3509259259259259
3 0.884375 0.6606481481481481 0.08229166666666667 0.23425925925925925
3 0.9434895833333333 0.4041666666666667 0.07135416666666666 0.287962962962963
4 0.95703125 0.6412037037037037 0.0578125 0.18611111111111112