0 0.5768229166666666 0.8111111111111111 0.10885416666666667 0.26666666666666666
0 0.46822916666666664 0.8148148148148148 0.10625 0.25555555555555554
0 0.5809895833333333 0.4115740740740741 0.16822916666666668 0.3175925925925926
0 0.41171875 0.4199074074074074 0.1703125 0.3101851851851852
1 0.36692708333333335 0.8375 0.1046875 0.30092592592592593
1 0.6838541666666667 0.812037037037037 0.10729166666666666 0.28888888888888886
1 0.2716145833333333 0.41388888888888886 0.10989583333333333 0.28888888888888886
1 0.721875 0.3685185185185185 0.11666666666666667 0.3074074074074074
2 0.2682291666666667 0.8412037037037037 0.09270833333333334 0.3175925925925926
2 0.784375 0.7870370370370371 0.09375 0.362962962962963
2 0.8286458333333333 0.36712962962962964 0.096875 0.33425925925925926
3 0.8640625 0.7666666666666667 0.07916666666666666 0.28888888888888886
3 0.18072916666666666 0.8421296296296297 0.07916666666666666 0.27685185185185185
3 0.9052083333333333 0.37777777777777777 0.05625 0.2796296296296296
4 0.11979166666666667 0.837037037037037 0.05520833333333333 0.22407407407407406
5 0.054947916666666666 0.8421296296296297 0.0765625 0.18611111111111112