0 0.484375 0.788425925925926 0.11145833333333334 0.30277777777777776
0 0.40651041666666665 0.3143518518518518 0.17864583333333334 0.33425925925925926
0 0.584375 0.32083333333333336 0.18020833333333333 0.3509259259259259
1 0.37083333333333335 0.8023148148148148 0.115625 0.32685185185185184
1 0.7325520833333333 0.29768518518518516 0.11927083333333334 0.3194444444444444
1 0.25755208333333335 0.2967592592592593 0.11927083333333334 0.31203703703703706
2 0.26223958333333336 0.8125 0.09635416666666667 0.375
2 0.8151041666666666 0.8004629629629629 0.10208333333333333 0.3990740740740741
2 0.14947916666666666 0.34814814814814815 0.096875 0.362962962962963
2 0.8440104166666667 0.3087962962962963 0.10052083333333334 0.36574074074074076
3 0.9052083333333333 0.7166666666666667 0.075 0.2074074074074074
3 0.1734375 0.8171296296296297 0.078125 0.31203703703703706
3 0.07161458333333333 0.37453703703703706 0.058854166666666666 0.30092592592592593
3 0.928125 0.3337962962962963 0.06458333333333334 0.33425925925925926
4 0.10494791666666667 0.8171296296296297 0.06197916666666667 0.2601851851851852
5 0.03697916666666667 0.8361111111111111 0.071875 0.23148148148148148