0 0.5809895833333333 0.39351851851851855 0.18072916666666666 0.3574074074074074
0 0.39791666666666664 0.39675925925925926 0.18541666666666667 0.3416666666666667
0 0.4393229166666667 0.662962962962963 0.11510416666666666 0.1962962962962963
0 0.5541666666666667 0.6652777777777777 0.11458333333333333 0.18611111111111112
1 0.6682291666666667 0.6583333333333333 0.11666666666666667 0.24814814814814815
1 0.7380208333333333 0.3787037037037037 0.13541666666666666 0.3388888888888889
1 0.33203125 0.6606481481481481 0.09114583333333333 0.20092592592592592
2 0.8630208333333333 0.37777777777777777 0.11666666666666667 0.37962962962962965
2 0.7895833333333333 0.6486111111111111 0.12083333333333333 0.3675925925925926
3 0.8924479166666667 0.6782407407407407 0.08177083333333333 0.22685185185185186
3 0.9598958333333333 0.3921296296296296 0.08020833333333334 0.3453703703703704
4 0.9661458333333334 0.6712962962962963 0.06770833333333333 0.19814814814814816