0 0.3307291666666667 0.637962962962963 0.09375 0.25
0 0.6575520833333334 0.6296296296296297 0.1140625 0.2388888888888889
0 0.721875 0.3699074074074074 0.121875 0.33425925925925926
0 0.2596354166666667 0.36342592592592593 0.1046875 0.31203703703703706
1 0.5401041666666667 0.6486111111111111 0.11041666666666666 0.16203703703703703
1 0.43515625 0.6416666666666667 0.09947916666666666 0.16666666666666666
1 0.3963541666666667 0.3814814814814815 0.16666666666666666 0.34444444444444444
1 0.5708333333333333 0.3787037037037037 0.17708333333333334 0.37222222222222223
2 0.23541666666666666 0.6592592592592592 0.10208333333333333 0.31296296296296294
2 0.7682291666666666 0.6236111111111111 0.11041666666666666 0.36944444444444446
2 0.83671875 0.3814814814814815 0.1078125 0.3574074074074074
2 0.16328125 0.39444444444444443 0.08177083333333333 0.34074074074074073
3 0.15078125 0.6689814814814815 0.06197916666666667 0.1787037037037037
3 0.8669270833333333 0.6689814814814815 0.08177083333333333 0.20833333333333334
3 0.0984375 0.4115740740740741 0.04583333333333333 0.2935185185185185
3 0.92734375 0.38657407407407407 0.07135416666666666 0.3101851851851852