0 0.55 0.6916666666666667 0.103125 0.14814814814814814
0 0.446875 0.687962962962963 0.10625 0.14074074074074075
0 0.40651041666666665 0.46620370370370373 0.16510416666666666 0.30277777777777776
0 0.5736979166666667 0.449537037037037 0.16614583333333333 0.33240740740740743
1 0.34322916666666664 0.6842592592592592 0.09791666666666667 0.21481481481481482
1 0.6609375 0.6606481481481481 0.115625 0.23425925925925925
1 0.7140625 0.41574074074074074 0.11145833333333334 0.28888888888888886
1 0.2682291666666667 0.449537037037037 0.11145833333333334 0.275
2 0.76484375 0.6296296296296297 0.09010416666666667 0.362962962962963
2 0.24479166666666666 0.7212962962962963 0.096875 0.2740740740740741
2 0.17213541666666668 0.47685185185185186 0.07239583333333334 0.32407407407407407
2 0.8205729166666667 0.40555555555555556 0.09947916666666666 0.3296296296296296
3 0.8515625 0.6569444444444444 0.08020833333333334 0.22685185185185186
3 0.165625 0.7171296296296297 0.06979166666666667 0.16944444444444445
3 0.1078125 0.4898148148148148 0.051041666666666666 0.2740740740740741
3 0.90390625 0.4199074074074074 0.0640625 0.27685185185185185
4 0.9192708333333334 0.649074074074074 0.057291666666666664 0.19074074074074074
4 0.10651041666666666 0.6967592592592593 0.0484375 0.1527777777777778
5 0.04869791666666667 0.6916666666666667 0.0671875 0.13333333333333333