5 0.05677083333333333 0.8287037037037037 0.078125 0.18333333333333332
4 0.12838541666666667 0.8277777777777777 0.06302083333333333 0.21481481481481482
3 0.18619791666666666 0.8226851851851852 0.07135416666666666 0.25277777777777777
3 0.865625 0.763425925925926 0.07916666666666666 0.2953703703703704
3 0.1015625 0.47129629629629627 0.05520833333333333 0.26481481481481484
3 0.9046875 0.37777777777777777 0.06041666666666667 0.2740740740740741
2 0.2682291666666667 0.8328703703703704 0.09270833333333334 0.33425925925925926
2 0.7885416666666667 0.7856481481481481 0.096875 0.36018518518518516
2 0.17708333333333334 0.45046296296296295 0.09270833333333334 0.325
2 0.8260416666666667 0.3611111111111111 0.09375 0.3314814814814815
1 0.36822916666666666 0.8277777777777777 0.10208333333333333 0.29074074074074074
1 0.6864583333333333 0.799074074074074 0.10729166666666666 0.2814814814814815
1 0.7231770833333333 0.3768518518518518 0.10885416666666667 0.2962962962962963
0 0.4700520833333333 0.8074074074074075 0.09947916666666666 0.26481481481481484
0 0.575 0.8037037037037037 0.11041666666666666 0.26296296296296295
0 0.4158854166666667 0.42777777777777776 0.1703125 0.3037037037037037
0 0.58515625 0.4134259259259259 0.16510416666666666 0.3175925925925926