5 0.084375 0.8467592592592592 0.0875 0.17685185185185184
3 0.20989583333333334 0.8574074074074074 0.078125 0.2740740740740741
3 0.8890625 0.7703703703703704 0.078125 0.26296296296296295
3 0.12265625 0.4828703703703704 0.05364583333333333 0.25092592592592594
3 0.9234375 0.3958333333333333 0.06041666666666667 0.2675925925925926
2 0.29583333333333334 0.8495370370370371 0.09375 0.30092592592592593
2 0.8091145833333333 0.8004629629629629 0.0953125 0.33611111111111114
2 0.8440104166666667 0.3763888888888889 0.0953125 0.33425925925925926
1 0.3932291666666667 0.8513888888888889 0.09791666666666667 0.2861111111111111
1 0.7091145833333333 0.8263888888888888 0.10989583333333333 0.27870370370370373
1 0.2950520833333333 0.425462962962963 0.1109375 0.27870370370370373
1 0.7434895833333334 0.3851851851851852 0.10572916666666667 0.3037037037037037
4 0.15078125 0.85 0.0671875 0.19814814814814816
4 0.07421875 0.49444444444444446 0.043229166666666666 0.23148148148148148
0 0.49635416666666665 0.8351851851851851 0.103125 0.2722222222222222
0 0.6010416666666667 0.8277777777777777 0.10625 0.2722222222222222
0 0.6052083333333333 0.41944444444444445 0.16770833333333332 0.3148148148148148
0 0.43515625 0.4351851851851852 0.16927083333333334 0.29814814814814816