0 0.4622395833333333 0.6324074074074074 0.09947916666666666 0.1574074074074074
0 0.56484375 0.6393518518518518 0.10572916666666667 0.16203703703703703
0 0.4231770833333333 0.39351851851851855 0.16614583333333333 0.32037037037037036
0 0.5908854166666667 0.39814814814814814 0.16927083333333334 0.3296296296296296
1 0.36484375 0.6453703703703704 0.0953125 0.18888888888888888
1 0.67421875 0.6282407407407408 0.11510416666666666 0.2175925925925926
1 0.2869791666666667 0.37546296296296294 0.103125 0.275
1 0.73671875 0.3731481481481482 0.11927083333333334 0.3074074074074074
2 0.78515625 0.5986111111111111 0.10364583333333334 0.3527777777777778
2 0.85 0.38055555555555554 0.10208333333333333 0.34629629629629627
3 0.8783854166666667 0.649074074074074 0.0828125 0.19074074074074074
3 0.9372395833333333 0.3958333333333333 0.07239583333333334 0.2861111111111111
4 0.9494791666666667 0.6388888888888888 0.059375 0.1814814814814815