0 0.46953125 0.8074074074074075 0.10572916666666667 0.26481481481481484
0 0.5763020833333333 0.8074074074074075 0.1078125 0.26481481481481484
0 0.41119791666666666 0.4134259259259259 0.16927083333333334 0.30277777777777776
0 0.58046875 0.3958333333333333 0.16927083333333334 0.3287037037037037
1 0.36484375 0.8277777777777777 0.10052083333333334 0.29074074074074074
1 0.6838541666666667 0.8037037037037037 0.10729166666666666 0.29074074074074074
1 0.27239583333333334 0.4064814814814815 0.11145833333333334 0.2833333333333333
1 0.7184895833333333 0.3611111111111111 0.11302083333333333 0.3037037037037037
2 0.784375 0.7847222222222222 0.09375 0.35833333333333334
2 0.26666666666666666 0.8361111111111111 0.09270833333333334 0.3277777777777778
2 0.8239583333333333 0.3527777777777778 0.09791666666666667 0.3333333333333333
3 0.8640625 0.7648148148148148 0.07916666666666666 0.29814814814814816
3 0.184375 0.8287037037037037 0.075 0.26481481481481484
3 0.9033854166666667 0.37083333333333335 0.0578125 0.275
4 0.12526041666666668 0.8291666666666667 0.058854166666666666 0.2175925925925926
5 0.059895833333333336 0.8263888888888888 0.09270833333333334 0.1935185185185185