0 0.41041666666666665 0.3300925925925926 0.17604166666666668 0.33240740740740743
0 0.58984375 0.33240740740740743 0.1828125 0.337037037037037
1 0.7416666666666667 0.30648148148148147 0.12083333333333333 0.3314814814814815
1 0.2635416666666667 0.30972222222222223 0.115625 0.3101851851851852
1 0.7171875 0.8074074074074075 0.11041666666666666 0.3314814814814815
1 0.3776041666666667 0.8064814814814815 0.1125 0.3148148148148148
2 0.15677083333333333 0.34675925925925927 0.09270833333333334 0.36944444444444446
2 0.8515625 0.32083333333333336 0.09895833333333333 0.375
2 0.2682291666666667 0.8171296296296297 0.10104166666666667 0.36574074074074076
2 0.8213541666666667 0.8064814814814815 0.09791666666666667 0.387037037037037
3 0.90859375 0.7263888888888889 0.0765625 0.20277777777777778
3 0.178125 0.8217592592592593 0.07916666666666666 0.30833333333333335
3 0.9348958333333334 0.34305555555555556 0.06458333333333334 0.325
3 0.07682291666666667 0.3837962962962963 0.058854166666666666 0.30092592592592593
4 0.10911458333333333 0.8231481481481482 0.058854166666666666 0.23333333333333334
5 0.03984375 0.8314814814814815 0.0796875 0.21666666666666667