0 0.4549479166666667 0.6310185185185185 0.0953125 0.16018518518518518
0 0.56015625 0.6333333333333333 0.11302083333333333 0.1648148148148148
0 0.5869791666666667 0.3861111111111111 0.171875 0.3296296296296296
0 0.4192708333333333 0.39444444444444443 0.16354166666666667 0.31296296296296294
1 0.6690104166666667 0.6138888888888889 0.1046875 0.2074074074074074
1 0.36015625 0.6310185185185185 0.09947916666666666 0.2175925925925926
1 0.28229166666666666 0.36203703703703705 0.10520833333333333 0.3055555555555556
1 0.73203125 0.3527777777777778 0.11822916666666666 0.3333333333333333
2 0.2635416666666667 0.6569444444444444 0.096875 0.26944444444444443
2 0.77421875 0.5949074074074074 0.1140625 0.36574074074074076
2 0.19010416666666666 0.3907407407407407 0.07916666666666666 0.362962962962963
2 0.8421875 0.3574074074074074 0.10208333333333333 0.362962962962963
3 0.8736979166666666 0.6393518518518518 0.08489583333333334 0.19537037037037036
3 0.93203125 0.37916666666666665 0.07239583333333334 0.2953703703703704
4 0.9447916666666667 0.6263888888888889 0.06041666666666667 0.1935185185185185