0 0.4125 0.4699074074074074 0.16875 0.30092592592592593
0 0.5861979166666667 0.4564814814814815 0.1703125 0.32222222222222224
0 0.45338541666666665 0.6967592592592593 0.10052083333333334 0.14351851851851852
0 0.55546875 0.6967592592592593 0.0984375 0.1527777777777778
1 0.7252604166666666 0.4217592592592593 0.1078125 0.30092592592592593
1 0.2760416666666667 0.4532407407407407 0.09791666666666667 0.2675925925925926
1 0.3502604166666667 0.6916666666666667 0.0953125 0.20925925925925926
1 0.66484375 0.675 0.11822916666666666 0.1962962962962963
2 0.17942708333333332 0.48148148148148145 0.08177083333333333 0.3055555555555556
2 0.8294270833333334 0.4134259259259259 0.0953125 0.3175925925925926
2 0.25546875 0.7240740740740741 0.09635416666666667 0.2740740740740741
2 0.7723958333333333 0.6342592592592593 0.096875 0.3537037037037037
3 0.9098958333333333 0.42453703703703705 0.06354166666666666 0.2675925925925926
3 0.11380208333333333 0.4935185185185185 0.049479166666666664 0.26296296296296295
3 0.1703125 0.712037037037037 0.065625 0.15555555555555556
3 0.8588541666666667 0.6620370370370371 0.07083333333333333 0.2074074074074074
4 0.9234375 0.649074074074074 0.06041666666666667 0.1814814814814815
4 0.11588541666666667 0.6962962962962963 0.043229166666666666 0.13333333333333333
5 0.06015625 0.6916666666666667 0.06614583333333333 0.12407407407407407