0 0.565625 0.6402777777777777 0.10208333333333333 0.15462962962962962
0 0.46484375 0.6393518518518518 0.09947916666666666 0.16203703703703703
0 0.4231770833333333 0.3912037037037037 0.16927083333333334 0.325
0 0.59453125 0.39814814814814814 0.1734375 0.3388888888888889
1 0.6729166666666667 0.6319444444444444 0.10729166666666666 0.225
1 0.36666666666666664 0.6472222222222223 0.10208333333333333 0.23148148148148148
1 0.7395833333333334 0.37916666666666665 0.11666666666666667 0.3101851851851852
1 0.28567708333333336 0.38981481481481484 0.10885416666666667 0.28888888888888886
2 0.784375 0.6143518518518518 0.1125 0.36018518518518516
2 0.19088541666666667 0.41574074074074074 0.07760416666666667 0.3314814814814815
2 0.846875 0.38287037037037036 0.09791666666666667 0.33611111111111114
3 0.87890625 0.6546296296296297 0.08177083333333333 0.2074074074074074
3 0.9333333333333333 0.3972222222222222 0.06979166666666667 0.28888888888888886
4 0.9489583333333333 0.6416666666666667 0.05520833333333333 0.2