0 0.49375 0.7731481481481481 0.11979166666666667 0.3055555555555556
0 0.6098958333333333 0.7708333333333334 0.1125 0.3101851851851852
0 0.5955729166666667 0.31712962962962965 0.18385416666666668 0.3527777777777778
0 0.41119791666666666 0.3111111111111111 0.1796875 0.3611111111111111
1 0.37942708333333336 0.7953703703703704 0.10885416666666667 0.34074074074074073
1 0.7192708333333333 0.7824074074074074 0.10625 0.3296296296296296
1 0.26328125 0.30648148148148147 0.11822916666666666 0.31296296296296294
1 0.7481770833333333 0.3050925925925926 0.11510416666666666 0.33425925925925926
2 0.2760416666666667 0.8078703703703703 0.09791666666666667 0.38425925925925924
2 0.15598958333333332 0.34953703703703703 0.09427083333333333 0.36018518518518516
2 0.8541666666666666 0.3148148148148148 0.09895833333333333 0.362962962962963
3 0.18645833333333334 0.8027777777777778 0.07916666666666666 0.31296296296296294
3 0.07630208333333334 0.36944444444444446 0.0578125 0.32037037037037036
3 0.9359375 0.337037037037037 0.06458333333333334 0.3314814814814815
4 0.11666666666666667 0.8101851851851852 0.06041666666666667 0.25555555555555554
5 0.04192708333333333 0.8208333333333333 0.08385416666666666 0.2101851851851852