5 0.057291666666666664 0.8194444444444444 0.084375 0.18333333333333332
4 0.11979166666666667 0.8208333333333333 0.06458333333333334 0.2101851851851852
3 0.17760416666666667 0.8203703703703704 0.075 0.2722222222222222
3 0.859375 0.7513888888888889 0.08333333333333333 0.2916666666666667
3 0.09635416666666667 0.4675925925925926 0.06041666666666667 0.2574074074074074
3 0.8986979166666667 0.36342592592592593 0.05364583333333333 0.275
2 0.26223958333333336 0.8291666666666667 0.09114583333333333 0.3416666666666667
2 0.7794270833333333 0.7708333333333334 0.0953125 0.3675925925925926
2 0.82109375 0.3541666666666667 0.0953125 0.33611111111111114
1 0.36015625 0.8180555555555555 0.09947916666666666 0.2916666666666667
1 0.678125 0.7870370370370371 0.10729166666666666 0.28703703703703703
1 0.7158854166666667 0.36574074074074076 0.10989583333333333 0.29814814814814816
0 0.4627604166666667 0.7916666666666666 0.10364583333333334 0.2574074074074074
0 0.5690104166666666 0.7870370370370371 0.10885416666666667 0.26296296296296295
0 0.4078125 0.41712962962962963 0.16770833333333332 0.30092592592592593
0 0.5776041666666667 0.40370370370370373 0.16875 0.32222222222222224