0 0.5989583333333334 0.37453703703703706 0.18541666666666667 0.3675925925925926
0 0.41328125 0.36712962962962964 0.1734375 0.36203703703703705
0 0.45078125 0.6305555555555555 0.10572916666666667 0.1648148148148148
0 0.5661458333333333 0.6546296296296297 0.121875 0.17962962962962964
1 0.7515625 0.3625 0.121875 0.3435185185185185
1 0.6809895833333334 0.6356481481481482 0.1078125 0.24537037037037038
1 0.35 0.6476851851851851 0.0875 0.1935185185185185
2 0.7958333333333333 0.6342592592592593 0.11979166666666667 0.37222222222222223
2 0.875 0.3731481481481482 0.12708333333333333 0.3648148148148148
3 0.9692708333333333 0.3921296296296296 0.06145833333333333 0.33611111111111114
3 0.9005208333333333 0.663425925925926 0.09270833333333334 0.21944444444444444
4 0.9734375 0.6606481481481481 0.053125 0.19537037037037036