5 0.05130208333333333 0.6824074074074075 0.07239583333333334 0.13333333333333333
4 0.10833333333333334 0.6916666666666667 0.041666666666666664 0.14814814814814814
4 0.9197916666666667 0.6365740740740741 0.051041666666666666 0.17685185185185184
3 0.10651041666666666 0.4828703703703704 0.0484375 0.2601851851851852
3 0.16223958333333333 0.7106481481481481 0.06302083333333333 0.1712962962962963
3 0.903125 0.4064814814814815 0.06041666666666667 0.2833333333333333
3 0.8528645833333334 0.6583333333333333 0.08072916666666667 0.2
2 0.8205729166666667 0.39814814814814814 0.09635416666666667 0.32407407407407407
2 0.17369791666666667 0.4722222222222222 0.08072916666666667 0.3148148148148148
2 0.24661458333333333 0.7199074074074074 0.10052083333333334 0.27685185185185185
2 0.7677083333333333 0.6203703703703703 0.09270833333333334 0.34814814814814815
1 0.7171875 0.4101851851851852 0.11041666666666666 0.2962962962962963
1 0.2682291666666667 0.4444444444444444 0.10625 0.2796296296296296
1 0.34661458333333334 0.6842592592592592 0.09947916666666666 0.21481481481481482
1 0.6588541666666666 0.6592592592592592 0.11979166666666667 0.2074074074074074
0 0.4044270833333333 0.4532407407407407 0.1640625 0.30092592592592593
0 0.5716145833333334 0.4425925925925926 0.1734375 0.32222222222222224
0 0.44817708333333334 0.675 0.10052083333333334 0.14814814814814814
0 0.54921875 0.6810185185185185 0.1046875 0.15092592592592594