0 0.5950520833333334 0.36712962962962964 0.18489583333333334 0.3824074074074074
0 0.41458333333333336 0.3587962962962963 0.17083333333333334 0.36574074074074076
0 0.4513020833333333 0.6296296296296297 0.1046875 0.1814814814814815
0 0.5661458333333333 0.6476851851851851 0.11666666666666667 0.1935185185185185
1 0.7502604166666667 0.3597222222222222 0.11927083333333334 0.35833333333333334
1 0.6822916666666666 0.6449074074074074 0.115625 0.2601851851851852
2 0.7984375 0.637962962962963 0.11666666666666667 0.37407407407407406
2 0.8731770833333333 0.3731481481481482 0.11822916666666666 0.37962962962962965
3 0.9013020833333333 0.6712962962962963 0.0859375 0.21666666666666667
3 0.9661458333333334 0.3800925925925926 0.06770833333333333 0.33611111111111114
4 0.9721354166666667 0.6546296296296297 0.05572916666666667 0.21296296296296297