5 0.07421875 0.8384259259259259 0.0859375 0.1787037037037037
4 0.14244791666666667 0.8416666666666667 0.0671875 0.21481481481481482
4 0.06067708333333333 0.47685185185185186 0.0453125 0.22407407407407406
3 0.203125 0.8361111111111111 0.075 0.27037037037037037
3 0.8783854166666667 0.763425925925926 0.07760416666666667 0.27685185185185185
3 0.9078125 0.3648148148148148 0.06145833333333333 0.2814814814814815
2 0.28489583333333335 0.8398148148148148 0.09375 0.32037037037037036
2 0.80390625 0.774074074074074 0.0953125 0.337037037037037
2 0.8333333333333334 0.3541666666666667 0.08958333333333333 0.32685185185185184
1 0.38359375 0.8351851851851851 0.10052083333333334 0.2962962962962963
1 0.7026041666666667 0.8125 0.10729166666666666 0.28425925925925927
1 0.28151041666666665 0.4027777777777778 0.1140625 0.2722222222222222
1 0.7315104166666667 0.3685185185185185 0.10885416666666667 0.29814814814814816
0 0.4864583333333333 0.8143518518518519 0.10729166666666666 0.2601851851851852
0 0.5924479166666666 0.8111111111111111 0.1078125 0.26666666666666666
0 0.4239583333333333 0.4199074074074074 0.17083333333333334 0.30092592592592593
0 0.59375 0.40046296296296297 0.16875 0.31574074074074077