0 0.4669270833333333 0.6310185185185185 0.08697916666666666 0.16018518518518518
0 0.5614583333333333 0.6356481481481482 0.08854166666666667 0.15462962962962962
0 0.4244791666666667 0.38981481481481484 0.15833333333333333 0.31666666666666665
0 0.5924479166666666 0.3907407407407407 0.1796875 0.3296296296296296
1 0.6690104166666667 0.6324074074074074 0.11510416666666666 0.21481481481481482
1 0.37213541666666666 0.6430555555555556 0.09947916666666666 0.21203703703703702
1 0.28880208333333335 0.3763888888888889 0.1046875 0.27685185185185185
1 0.7401041666666667 0.3787037037037037 0.11770833333333333 0.3055555555555556
2 0.7830729166666667 0.5962962962962963 0.1078125 0.362962962962963
2 0.27005208333333336 0.6467592592592593 0.09947916666666666 0.3101851851851852
2 0.19713541666666667 0.4027777777777778 0.0765625 0.3388888888888889
2 0.85234375 0.36944444444444446 0.10885416666666667 0.3574074074074074
3 0.87421875 0.6597222222222222 0.08072916666666667 0.2175925925925926
3 0.18645833333333334 0.6787037037037037 0.065625 0.18888888888888888
3 0.9375 0.39814814814814814 0.06145833333333333 0.29074074074074074
4 0.9489583333333333 0.6393518518518518 0.065625 0.20092592592592592