5 0.057291666666666664 0.7050925925925926 0.065625 0.1361111111111111
4 0.9244791666666666 0.6569444444444444 0.05520833333333333 0.18425925925925926
4 0.11510416666666666 0.712037037037037 0.046875 0.14074074074074075
3 0.9111979166666667 0.4337962962962963 0.06302083333333333 0.25833333333333336
3 0.11380208333333333 0.5078703703703704 0.0546875 0.2712962962962963
3 0.17083333333333334 0.7347222222222223 0.06145833333333333 0.1712962962962963
3 0.8604166666666667 0.6796296296296296 0.07916666666666666 0.2
2 0.83125 0.4148148148148148 0.096875 0.3333333333333333
2 0.18072916666666666 0.4935185185185185 0.07916666666666666 0.32037037037037036
2 0.2513020833333333 0.7324074074074074 0.09635416666666667 0.2814814814814815
2 0.775 0.6509259259259259 0.09166666666666666 0.34814814814814815
1 0.7270833333333333 0.43657407407407406 0.11145833333333334 0.30092592592592593
1 0.275 0.4625 0.10625 0.2861111111111111
1 0.35260416666666666 0.6990740740740741 0.10625 0.22407407407407406
1 0.6690104166666667 0.6819444444444445 0.11510416666666666 0.2101851851851852
0 0.41380208333333335 0.47962962962962963 0.16614583333333333 0.3055555555555556
0 0.5822916666666667 0.4708333333333333 0.17083333333333334 0.31203703703703706
0 0.4549479166666667 0.7037037037037037 0.0953125 0.14814814814814814
0 0.55546875 0.7 0.10572916666666667 0.15