5 0.04505208333333333 0.8300925925925926 0.09010416666666667 0.19537037037037036
4 0.11927083333333334 0.8287037037037037 0.06041666666666667 0.2074074074074074
2 0.2609375 0.8337962962962963 0.09375 0.33240740740740743
2 0.7783854166666667 0.7787037037037037 0.0953125 0.35555555555555557
2 0.8140625 0.34444444444444444 0.096875 0.337037037037037
1 0.35885416666666664 0.8287037037037037 0.10208333333333333 0.28888888888888886
1 0.6783854166666666 0.7953703703703704 0.11302083333333333 0.2796296296296296
1 0.26197916666666665 0.4027777777777778 0.115625 0.2814814814814815
1 0.7111979166666667 0.36018518518518516 0.10885416666666667 0.3055555555555556
3 0.17890625 0.8287037037037037 0.07552083333333333 0.2796296296296296
3 0.8580729166666666 0.7611111111111111 0.08072916666666667 0.29074074074074074
3 0.89375 0.36574074074074076 0.06354166666666666 0.2796296296296296
3 0.08958333333333333 0.4708333333333333 0.06041666666666667 0.24166666666666667
0 0.46145833333333336 0.8050925925925926 0.103125 0.2657407407407407
0 0.5682291666666667 0.8004629629629629 0.10729166666666666 0.26944444444444443
0 0.40598958333333335 0.4078703703703704 0.16927083333333334 0.30092592592592593
0 0.5734375 0.3958333333333333 0.16666666666666666 0.31574074074074077