0 0.6125 0.7824074074074074 0.1125 0.32407407407407407
0 0.49973958333333335 0.7703703703703704 0.11510416666666666 0.3
0 0.5984375 0.31574074074074077 0.18125 0.34629629629629627
0 0.4192708333333333 0.31574074074074077 0.18020833333333333 0.34629629629629627
1 0.38828125 0.7907407407407407 0.11302083333333333 0.337037037037037
1 0.7252604166666666 0.7814814814814814 0.10989583333333333 0.32222222222222224
1 0.27109375 0.3 0.1140625 0.3148148148148148
1 0.75078125 0.28935185185185186 0.11822916666666666 0.3509259259259259
2 0.278125 0.8101851851851852 0.10208333333333333 0.37962962962962965
2 0.16640625 0.34953703703703703 0.0953125 0.36018518518518516
2 0.8609375 0.30416666666666664 0.096875 0.38425925925925924
3 0.18697916666666667 0.8004629629629629 0.075 0.30277777777777776
3 0.08776041666666666 0.3726851851851852 0.05364583333333333 0.2935185185185185
3 0.940625 0.32916666666666666 0.065625 0.325
4 0.11979166666666667 0.8125 0.06145833333333333 0.2601851851851852
5 0.043229166666666666 0.8074074074074075 0.08645833333333333 0.2222222222222222