0 0.4817708333333333 0.7870370370370371 0.11145833333333334 0.3055555555555556
0 0.40572916666666664 0.3111111111111111 0.18020833333333333 0.337037037037037
0 0.5856770833333333 0.3148148148148148 0.1796875 0.34814814814814815
1 0.37083333333333335 0.8046296296296296 0.11041666666666666 0.32222222222222224
1 0.25546875 0.3050925925925926 0.10989583333333333 0.33425925925925926
1 0.7346354166666667 0.300462962962963 0.11822916666666666 0.33425925925925926
2 0.8158854166666667 0.8004629629629629 0.10052083333333334 0.3990740740740741
2 0.265625 0.8087962962962963 0.09791666666666667 0.3824074074074074
2 0.15130208333333334 0.34305555555555556 0.0953125 0.39166666666666666
2 0.8473958333333333 0.3111111111111111 0.10729166666666666 0.3648148148148148
3 0.90390625 0.7129629629629629 0.07552083333333333 0.20555555555555555
3 0.17760416666666667 0.8083333333333333 0.078125 0.3296296296296296
3 0.07291666666666667 0.3861111111111111 0.05625 0.3055555555555556
3 0.93125 0.3453703703703704 0.06041666666666667 0.3296296296296296
4 0.10442708333333334 0.8194444444444444 0.06614583333333333 0.2740740740740741
5 0.03567708333333333 0.8240740740740741 0.07135416666666666 0.2222222222222222