0 0.4661458333333333 0.6388888888888888 0.09375 0.1574074074074074
0 0.565625 0.6486111111111111 0.10729166666666666 0.1527777777777778
0 0.421875 0.4027777777777778 0.16666666666666666 0.32037037037037036
0 0.5921875 0.4041666666666667 0.171875 0.33611111111111114
1 0.36614583333333334 0.6319444444444444 0.10625 0.21944444444444444
1 0.6778645833333333 0.6347222222222222 0.1140625 0.2101851851851852
1 0.7401041666666667 0.3814814814814815 0.11770833333333333 0.32407407407407407
1 0.28828125 0.3861111111111111 0.10052083333333334 0.2814814814814815
2 0.78984375 0.6 0.10989583333333333 0.37037037037037035
2 0.8494791666666667 0.38657407407407407 0.103125 0.3435185185185185
2 0.19505208333333332 0.3958333333333333 0.0859375 0.3101851851851852
3 0.8830729166666667 0.6560185185185186 0.0765625 0.18611111111111112
3 0.9401041666666666 0.3972222222222222 0.075 0.28888888888888886
4 0.9515625 0.6449074074074074 0.06041666666666667 0.1935185185185185