5 0.04791666666666667 0.8351851851851851 0.09583333333333334 0.19074074074074074
4 0.11432291666666666 0.8277777777777777 0.058854166666666666 0.21481481481481482
2 0.25390625 0.8337962962962963 0.09114583333333333 0.33240740740740743
2 0.77421875 0.7763888888888889 0.10052083333333334 0.36018518518518516
2 0.81171875 0.3527777777777778 0.0953125 0.32407407407407407
3 0.8541666666666666 0.7648148148148148 0.08020833333333334 0.29814814814814816
3 0.17473958333333334 0.8324074074074074 0.07239583333333334 0.2722222222222222
3 0.8911458333333333 0.3611111111111111 0.06354166666666666 0.28888888888888886
3 0.09036458333333333 0.4699074074074074 0.05677083333333333 0.24351851851851852
1 0.6703125 0.7944444444444444 0.10729166666666666 0.29074074074074074
1 0.35494791666666664 0.8263888888888888 0.09947916666666666 0.2935185185185185
1 0.25859375 0.3972222222222222 0.10885416666666667 0.2796296296296296
1 0.7104166666666667 0.3574074074074074 0.10729166666666666 0.3055555555555556
0 0.45755208333333336 0.8050925925925926 0.10364583333333334 0.2601851851851852
0 0.5622395833333333 0.7976851851851852 0.10572916666666667 0.26944444444444443
0 0.39895833333333336 0.40879629629629627 0.171875 0.30277777777777776
0 0.5703125 0.40046296296296297 0.16770833333333332 0.31574074074074077