0 0.5653645833333333 0.6657407407407407 0.11822916666666666 0.19074074074074074
0 0.4513020833333333 0.6476851851851851 0.1046875 0.16944444444444445
0 0.41796875 0.3800925925925926 0.17447916666666666 0.36944444444444446
0 0.5971354166666667 0.3837962962962963 0.18385416666666668 0.3731481481481482
1 0.6817708333333333 0.6416666666666667 0.11145833333333334 0.2388888888888889
1 0.34817708333333336 0.6592592592592592 0.09635416666666667 0.18333333333333332
1 0.7520833333333333 0.37407407407407406 0.13125 0.34814814814814815
2 0.8770833333333333 0.3861111111111111 0.115625 0.37222222222222223
2 0.7984375 0.6453703703703704 0.11666666666666667 0.3648148148148148
3 0.9666666666666667 0.39814814814814814 0.06666666666666667 0.3296296296296296
3 0.9026041666666667 0.6763888888888889 0.08333333333333333 0.21203703703703702
4 0.97265625 0.662962962962963 0.0546875 0.20555555555555555