5 0.055989583333333336 0.6916666666666667 0.06822916666666666 0.12962962962962962
4 0.9239583333333333 0.6462962962962963 0.06145833333333333 0.18703703703703703
4 0.11848958333333333 0.7074074074074074 0.050520833333333334 0.15
3 0.909375 0.4222222222222222 0.06458333333333334 0.26296296296296295
3 0.8567708333333334 0.6643518518518519 0.075 0.22685185185185186
3 0.11171875 0.5018518518518519 0.05364583333333333 0.25555555555555554
3 0.17369791666666667 0.7240740740740741 0.058854166666666666 0.17407407407407408
2 0.8291666666666667 0.40879629629629627 0.09791666666666667 0.3175925925925926
2 0.18072916666666666 0.4791666666666667 0.07916666666666666 0.3101851851851852
2 0.2518229166666667 0.7226851851851852 0.0953125 0.2712962962962963
2 0.7708333333333334 0.6310185185185185 0.09375 0.36018518518518516
1 0.7231770833333333 0.42083333333333334 0.1140625 0.30277777777777776
1 0.27291666666666664 0.45555555555555555 0.10208333333333333 0.2722222222222222
1 0.3533854166666667 0.6902777777777778 0.09635416666666667 0.2175925925925926
1 0.6661458333333333 0.6703703703703704 0.115625 0.20555555555555555
0 0.41119791666666666 0.4675925925925926 0.16927083333333334 0.3055555555555556
0 0.5809895833333333 0.45185185185185184 0.1703125 0.3277777777777778
0 0.4549479166666667 0.687962962962963 0.10052083333333334 0.14074074074074075
0 0.5559895833333334 0.6916666666666667 0.1046875 0.14814814814814814