0 0.3328125 0.6416666666666667 0.09791666666666667 0.24814814814814815
0 0.6609375 0.6342592592592593 0.12083333333333333 0.22962962962962963
0 0.25755208333333335 0.36712962962962964 0.10364583333333334 0.31574074074074077
0 0.7234375 0.37453703703703706 0.125 0.325
1 0.5442708333333334 0.6532407407407408 0.10208333333333333 0.16203703703703703
1 0.43671875 0.6439814814814815 0.1078125 0.16203703703703703
1 0.39453125 0.38287037037037036 0.1703125 0.3509259259259259
1 0.5708333333333333 0.38657407407407407 0.17708333333333334 0.3675925925925926
2 0.2359375 0.6694444444444444 0.10104166666666667 0.28888888888888886
2 0.7736979166666667 0.6287037037037037 0.10989583333333333 0.37037037037037035
2 0.16223958333333333 0.3837962962962963 0.08177083333333333 0.3675925925925926
2 0.8395833333333333 0.3731481481481482 0.10208333333333333 0.3611111111111111
3 0.1546875 0.6652777777777777 0.06458333333333334 0.17685185185185184
3 0.865625 0.6680555555555555 0.07916666666666666 0.22870370370370371
3 0.09973958333333334 0.4041666666666667 0.03802083333333333 0.30833333333333335
3 0.93203125 0.37407407407407406 0.0828125 0.3388888888888889