0 0.49583333333333335 0.7870370370370371 0.1125 0.3055555555555556
0 0.6080729166666666 0.7837962962962963 0.1140625 0.30277777777777776
0 0.42135416666666664 0.324537037037037 0.17604166666666668 0.33425925925925926
0 0.5997395833333333 0.32546296296296295 0.17864583333333334 0.3416666666666667
1 0.3848958333333333 0.799074074074074 0.103125 0.32037037037037036
1 0.27291666666666664 0.31712962962962965 0.11770833333333333 0.2916666666666667
1 0.746875 0.3162037037037037 0.12083333333333333 0.32685185185185184
2 0.28151041666666665 0.8078703703703703 0.10364583333333334 0.38425925925925924
2 0.16354166666666667 0.350462962962963 0.09270833333333334 0.3527777777777778
2 0.8588541666666667 0.32685185185185184 0.10104166666666667 0.34814814814814815
3 0.19010416666666666 0.8111111111111111 0.07916666666666666 0.3055555555555556
3 0.0890625 0.37546296296296294 0.051041666666666666 0.28425925925925927
3 0.9205729166666666 0.7875 0.0765625 0.33425925925925926
3 0.9401041666666666 0.3384259259259259 0.06145833333333333 0.3435185185185185
4 0.11640625 0.8134259259259259 0.06302083333333333 0.262037037037037
5 0.04192708333333333 0.8305555555555556 0.08385416666666666 0.24814814814814815