0 0.46875 0.7393518518518518 0.096875 0.27685185185185185
0 0.575 0.7384259259259259 0.1125 0.27870370370370373
0 0.42526041666666664 0.37407407407407406 0.16822916666666668 0.3388888888888889
0 0.5916666666666667 0.3763888888888889 0.16770833333333332 0.3435185185185185
1 0.37005208333333334 0.7513888888888889 0.10052083333333334 0.30092592592592593
1 0.6848958333333334 0.7513888888888889 0.10729166666666666 0.30092592592592593
1 0.28880208333333335 0.35509259259259257 0.1046875 0.3101851851851852
1 0.7354166666666667 0.36342592592592593 0.11979166666666667 0.32685185185185184
2 0.7911458333333333 0.7476851851851852 0.10208333333333333 0.38425925925925924
2 0.2716145833333333 0.7680555555555556 0.09427083333333333 0.3824074074074074
2 0.196875 0.3861111111111111 0.07395833333333333 0.362962962962963
2 0.8447916666666667 0.3625 0.10208333333333333 0.35833333333333334
3 0.8838541666666667 0.7287037037037037 0.078125 0.28888888888888886
3 0.19505208333333332 0.7560185185185185 0.058854166666666666 0.2916666666666667
3 0.13515625 0.4125 0.049479166666666664 0.30092592592592593
3 0.93203125 0.387037037037037 0.07239583333333334 0.28888888888888886
4 0.9541666666666667 0.7203703703703703 0.057291666666666664 0.22037037037037038