0 0.49375 0.7847222222222222 0.11458333333333333 0.2953703703703704
0 0.4192708333333333 0.3111111111111111 0.18020833333333333 0.3611111111111111
0 0.6010416666666667 0.3111111111111111 0.18645833333333334 0.3611111111111111
1 0.3796875 0.8 0.11145833333333334 0.31296296296296294
1 0.2703125 0.3087962962962963 0.12083333333333333 0.30277777777777776
1 0.75234375 0.29444444444444445 0.11822916666666666 0.34074074074074073
2 0.2734375 0.8101851851851852 0.103125 0.37962962962962965
2 0.8294270833333334 0.8018518518518518 0.10364583333333334 0.3962962962962963
2 0.16328125 0.3537037037037037 0.0953125 0.35555555555555557
2 0.8609375 0.31342592592592594 0.10208333333333333 0.38981481481481484
3 0.18229166666666666 0.8087962962962963 0.07604166666666666 0.3101851851851852
3 0.9171875 0.7171296296296297 0.06979166666666667 0.1935185185185185
3 0.08619791666666667 0.3875 0.06197916666666667 0.30833333333333335
3 0.94140625 0.34074074074074073 0.058854166666666666 0.32037037037037036
4 0.11328125 0.8240740740740741 0.06197916666666667 0.2796296296296296
5 0.04114583333333333 0.8384259259259259 0.08229166666666667 0.22685185185185186