0 0.4864583333333333 0.7810185185185186 0.115625 0.30277777777777776
0 0.4125 0.31574074074074077 0.17708333333333334 0.3314814814814815
0 0.5924479166666666 0.3101851851851852 0.1828125 0.37222222222222223
1 0.37421875 0.8064814814814815 0.10572916666666667 0.3148148148148148
1 0.2635416666666667 0.29583333333333334 0.1125 0.33425925925925926
1 0.74140625 0.2953703703703704 0.11510416666666666 0.3388888888888889
2 0.27005208333333336 0.7986111111111112 0.0984375 0.33796296296296297
2 0.8192708333333333 0.7763888888888889 0.1 0.3768518518518518
2 0.15677083333333333 0.34074074074074073 0.09270833333333334 0.34814814814814815
2 0.85078125 0.30648148148148147 0.10364583333333334 0.3648148148148148
3 0.17890625 0.8125 0.08072916666666667 0.30277777777777776
3 0.9088541666666666 0.7699074074074074 0.08125 0.30648148148148147
3 0.08020833333333334 0.37407407407407406 0.06041666666666667 0.2814814814814815
3 0.93203125 0.337037037037037 0.06197916666666667 0.32222222222222224
4 0.1078125 0.8171296296296297 0.05625 0.24537037037037038
5 0.037760416666666664 0.8231481481481482 0.07552083333333333 0.21481481481481482