5 0.08645833333333333 0.8375 0.08854166666666667 0.17685185185185184
4 0.15208333333333332 0.8495370370370371 0.06458333333333334 0.21944444444444444
2 0.8127604166666667 0.7981481481481482 0.09114583333333333 0.35555555555555557
2 0.29661458333333335 0.8421296296296297 0.0953125 0.31574074074074077
2 0.85078125 0.36712962962962964 0.08697916666666666 0.33425925925925926
3 0.8890625 0.7606481481481482 0.075 0.25277777777777777
3 0.21119791666666668 0.8412037037037037 0.07552083333333333 0.2601851851851852
3 0.9260416666666667 0.3861111111111111 0.06041666666666667 0.2722222222222222
3 0.12578125 0.47685185185185186 0.06302083333333333 0.2537037037037037
1 0.39375 0.8444444444444444 0.096875 0.28703703703703703
1 0.7127604166666667 0.812037037037037 0.10885416666666667 0.2740740740740741
1 0.29973958333333334 0.42083333333333334 0.1078125 0.275
1 0.75 0.3814814814814815 0.11145833333333334 0.2962962962962963
0 0.4979166666666667 0.8240740740740741 0.10625 0.25555555555555554
0 0.60390625 0.8203703703703704 0.10885416666666667 0.2574074074074074
0 0.440625 0.43148148148148147 0.16354166666666667 0.3111111111111111
0 0.6083333333333333 0.4148148148148148 0.171875 0.32407407407407407