0 0.5546875 0.6680555555555555 0.10208333333333333 0.20092592592592592
0 0.4473958333333333 0.6717592592592593 0.1125 0.20277777777777778
0 0.4049479166666667 0.3861111111111111 0.17864583333333334 0.362962962962963
0 0.5872395833333334 0.38981481481481484 0.18802083333333333 0.35555555555555557
1 0.6674479166666667 0.649537037037037 0.1234375 0.2601851851851852
1 0.34140625 0.662962962962963 0.09947916666666666 0.19074074074074074
1 0.7442708333333333 0.3814814814814815 0.12604166666666666 0.3296296296296296
2 0.865625 0.3768518518518518 0.11458333333333333 0.37222222222222223
2 0.7916666666666666 0.6537037037037037 0.125 0.362962962962963
3 0.9606770833333333 0.39351851851851855 0.07864583333333333 0.32037037037037036
3 0.89765625 0.6787037037037037 0.08177083333333333 0.2462962962962963
4 0.9692708333333333 0.6680555555555555 0.06145833333333333 0.21944444444444444