5 0.050520833333333334 0.687962962962963 0.065625 0.13148148148148148
4 0.1078125 0.6990740740740741 0.042708333333333334 0.1388888888888889
4 0.92109375 0.6513888888888889 0.05364583333333333 0.17685185185185184
3 0.8528645833333334 0.6560185185185186 0.08072916666666667 0.225
3 0.16822916666666668 0.7263888888888889 0.075 0.15092592592592594
3 0.10572916666666667 0.4875 0.046875 0.26944444444444443
3 0.9072916666666667 0.42453703703703705 0.06041666666666667 0.27685185185185185
2 0.7669270833333334 0.6370370370370371 0.09114583333333333 0.34814814814814815
2 0.24869791666666666 0.7060185185185185 0.09635416666666667 0.31574074074074077
2 0.17369791666666667 0.48148148148148145 0.0859375 0.32407407407407407
2 0.8265625 0.40555555555555556 0.10104166666666667 0.3296296296296296
1 0.6622395833333333 0.6736111111111112 0.11510416666666666 0.20277777777777778
1 0.3453125 0.6925925925925925 0.09375 0.2074074074074074
1 0.2703125 0.449537037037037 0.10729166666666666 0.27870370370370373
1 0.7171875 0.41944444444444445 0.115625 0.3055555555555556
0 0.44869791666666664 0.687962962962963 0.10989583333333333 0.15
0 0.5541666666666667 0.687962962962963 0.10104166666666667 0.15
0 0.40729166666666666 0.4652777777777778 0.16666666666666666 0.30092592592592593
0 0.5747395833333333 0.4532407407407407 0.16927083333333334 0.3194444444444444