0 0.40989583333333335 0.32407407407407407 0.17708333333333334 0.32407407407407407
0 0.5903645833333333 0.32685185185185184 0.18385416666666668 0.3296296296296296
1 0.7145833333333333 0.8027777777777778 0.11041666666666666 0.31296296296296294
1 0.3763020833333333 0.8171296296296297 0.11302083333333333 0.3175925925925926
1 0.7393229166666667 0.31342592592592594 0.11927083333333334 0.30277777777777776
1 0.26276041666666666 0.3148148148148148 0.1140625 0.3148148148148148
2 0.8234375 0.8050925925925926 0.10208333333333333 0.38981481481481484
2 0.2708333333333333 0.8125 0.09791666666666667 0.375
2 0.15807291666666667 0.36018518518518516 0.0921875 0.34814814814814815
2 0.8513020833333333 0.3194444444444444 0.1046875 0.37222222222222223
3 0.9354166666666667 0.3458333333333333 0.06354166666666666 0.3194444444444444
3 0.078125 0.37916666666666665 0.06145833333333333 0.3101851851851852
3 0.18098958333333334 0.8314814814814815 0.08177083333333333 0.337037037037037
3 0.9106770833333333 0.7236111111111111 0.07239583333333334 0.20277777777777778
4 0.10911458333333333 0.8231481481481482 0.058854166666666666 0.2574074074074074
5 0.03854166666666667 0.8300925925925926 0.07708333333333334 0.2101851851851852