5 0.05755208333333333 0.6962962962962963 0.06822916666666666 0.13333333333333333
4 0.11223958333333334 0.7060185185185185 0.044270833333333336 0.15833333333333333
4 0.9265625 0.6560185185185186 0.051041666666666666 0.18611111111111112
3 0.9098958333333333 0.42824074074074076 0.06875 0.26944444444444443
3 0.10859375 0.5092592592592593 0.049479166666666664 0.25555555555555554
3 0.16875 0.7333333333333333 0.07083333333333333 0.17962962962962964
3 0.8609375 0.6652777777777777 0.078125 0.2101851851851852
2 0.828125 0.4148148148148148 0.09791666666666667 0.3333333333333333
2 0.17838541666666666 0.4828703703703704 0.08177083333333333 0.32685185185185184
2 0.25 0.737037037037037 0.08854166666666667 0.29074074074074074
2 0.7763020833333333 0.6462962962962963 0.0890625 0.3574074074074074
1 0.2755208333333333 0.4601851851851852 0.10208333333333333 0.2722222222222222
1 0.72265625 0.4351851851851852 0.11302083333333333 0.3037037037037037
1 0.66484375 0.6712962962962963 0.1234375 0.21296296296296297
1 0.35208333333333336 0.6976851851851852 0.09895833333333333 0.21203703703703702
0 0.4125 0.47824074074074074 0.16354166666666667 0.30833333333333335
0 0.5796875 0.4601851851851852 0.17083333333333334 0.32037037037037036
0 0.4549479166666667 0.7 0.10052083333333334 0.14074074074074075
0 0.5567708333333333 0.6953703703703704 0.10104166666666667 0.15555555555555556