0 0.465625 0.6486111111111111 0.103125 0.1527777777777778
0 0.5682291666666667 0.6462962962962963 0.09895833333333333 0.1574074074074074
0 0.59453125 0.40185185185185185 0.1703125 0.337037037037037
0 0.42526041666666664 0.4027777777777778 0.16510416666666666 0.3388888888888889
1 0.36484375 0.6425925925925926 0.0953125 0.21666666666666667
1 0.67421875 0.6356481481481482 0.11302083333333333 0.21203703703703702
1 0.2890625 0.399537037037037 0.10729166666666666 0.28425925925925927
1 0.73828125 0.38842592592592595 0.1140625 0.30092592592592593
2 0.7864583333333334 0.6055555555555555 0.11145833333333334 0.37222222222222223
2 0.8481770833333333 0.3875 0.10572916666666667 0.33240740740740743
2 0.19635416666666666 0.4064814814814815 0.078125 0.29814814814814816
3 0.8809895833333333 0.6537037037037037 0.07760416666666667 0.20555555555555555
3 0.93671875 0.40694444444444444 0.0734375 0.2935185185185185
4 0.9520833333333333 0.649074074074074 0.06145833333333333 0.1814814814814815