5 0.06354166666666666 0.8421296296296297 0.075 0.18611111111111112
4 0.13255208333333332 0.8495370370370371 0.06614583333333333 0.2101851851851852
3 0.19088541666666667 0.825 0.07239583333333334 0.2388888888888889
3 0.8716145833333333 0.7490740740740741 0.08072916666666667 0.2388888888888889
3 0.8984375 0.37175925925925923 0.06458333333333334 0.27685185185185185
2 0.2755208333333333 0.8166666666666667 0.096875 0.26481481481481484
2 0.7911458333333333 0.7513888888888889 0.09166666666666666 0.2712962962962963
2 0.8192708333333333 0.3541666666666667 0.09375 0.3509259259259259
1 0.3736979166666667 0.8171296296296297 0.09947916666666666 0.2361111111111111
1 0.6916666666666667 0.7847222222222222 0.10729166666666666 0.23425925925925925
1 0.2708333333333333 0.4074074074074074 0.11145833333333334 0.2722222222222222
1 0.7184895833333333 0.3680555555555556 0.1046875 0.30277777777777776
0 0.47760416666666666 0.8037037037037037 0.10833333333333334 0.23333333333333334
0 0.5848958333333333 0.8004629629629629 0.10625 0.22685185185185186
0 0.41119791666666666 0.42407407407407405 0.1640625 0.3055555555555556
0 0.57890625 0.4064814814814815 0.16927083333333334 0.31296296296296294