0 0.5869791666666667 0.3074074074074074 0.171875 0.3574074074074074
0 0.40989583333333335 0.31574074074074077 0.18229166666666666 0.34074074074074073
0 0.48359375 0.7680555555555556 0.10989583333333333 0.31574074074074077
0 0.59765625 0.7754629629629629 0.11822916666666666 0.33425925925925926
1 0.73515625 0.3050925925925926 0.12760416666666666 0.3194444444444444
1 0.25859375 0.30833333333333335 0.1140625 0.29814814814814816
1 0.7125 0.7777777777777778 0.11145833333333334 0.32407407407407407
1 0.37552083333333336 0.7847222222222222 0.10625 0.325
2 0.85078125 0.31203703703703706 0.10052083333333334 0.37222222222222223
2 0.15677083333333333 0.34074074074074073 0.09791666666666667 0.3574074074074074
2 0.2682291666666667 0.8004629629629629 0.103125 0.3990740740740741
3 0.93203125 0.3347222222222222 0.06197916666666667 0.30833333333333335
3 0.07604166666666666 0.36712962962962964 0.06041666666666667 0.30462962962962964
3 0.17552083333333332 0.8041666666666667 0.07916666666666666 0.3101851851851852
4 0.1078125 0.8023148148148148 0.05625 0.2361111111111111
5 0.037760416666666664 0.8087962962962963 0.07552083333333333 0.19537037037037036