0 0.5567708333333333 0.6273148148148148 0.103125 0.15833333333333333
0 0.5908854166666667 0.37175925925925923 0.16927083333333334 0.3435185185185185
0 0.42265625 0.37546296296296294 0.16510416666666666 0.29907407407407405
1 0.6674479166666667 0.6055555555555555 0.10989583333333333 0.2388888888888889
1 0.2869791666666667 0.3574074074074074 0.103125 0.29074074074074074
1 0.7359375 0.35138888888888886 0.12083333333333333 0.3175925925925926
2 0.77890625 0.5902777777777778 0.10989583333333333 0.36574074074074076
2 0.19505208333333332 0.3648148148148148 0.08072916666666667 0.32037037037037036
2 0.8481770833333333 0.36342592592592593 0.10364583333333334 0.36018518518518516
3 0.8783854166666667 0.6430555555555556 0.07760416666666667 0.1935185185185185
3 0.9341145833333333 0.37453703703703706 0.06822916666666666 0.30092592592592593
4 0.94765625 0.6236111111111111 0.0578125 0.18425925925925926