0 0.56171875 0.7819444444444444 0.1046875 0.27685185185185185
0 0.45598958333333334 0.7763888888888889 0.10052083333333334 0.2657407407407407
0 0.5802083333333333 0.39814814814814814 0.16354166666666667 0.3296296296296296
0 0.4125 0.4064814814814815 0.171875 0.3074074074074074
1 0.3546875 0.7944444444444444 0.10208333333333333 0.3148148148148148
1 0.6716145833333333 0.7907407407407407 0.1078125 0.29444444444444445
1 0.7231770833333333 0.37916666666666665 0.12239583333333333 0.31574074074074077
1 0.278125 0.3837962962962963 0.10208333333333333 0.2861111111111111
2 0.259375 0.8004629629629629 0.08854166666666667 0.3416666666666667
2 0.7796875 0.7861111111111111 0.10104166666666667 0.37037037037037035
2 0.83828125 0.38657407407407407 0.1046875 0.3435185185185185
2 0.18697916666666667 0.41759259259259257 0.08020833333333334 0.3388888888888889
3 0.18359375 0.7870370370370371 0.06302083333333333 0.3055555555555556
3 0.8674479166666667 0.7694444444444445 0.07239583333333334 0.3074074074074074
3 0.9260416666666667 0.4148148148148148 0.06875 0.2962962962962963
3 0.12265625 0.44212962962962965 0.0484375 0.27870370370370373
4 0.13333333333333333 0.7824074074074074 0.042708333333333334 0.22037037037037038
4 0.9388020833333334 0.7287037037037037 0.0640625 0.17962962962962964
5 0.078125 0.7787037037037037 0.06145833333333333 0.18333333333333332