0 0.49453125 0.8004629629629629 0.10989583333333333 0.30277777777777776
0 0.41875 0.3333333333333333 0.18125 0.3388888888888889
0 0.5963541666666666 0.3226851851851852 0.17708333333333334 0.3509259259259259
1 0.7205729166666667 0.8027777777777778 0.10572916666666667 0.34074074074074073
1 0.3809895833333333 0.8074074074074075 0.1140625 0.3277777777777778
1 0.2674479166666667 0.30833333333333335 0.11822916666666666 0.29814814814814816
1 0.746875 0.29907407407407405 0.115625 0.34629629629629627
2 0.8265625 0.7967592592592593 0.09791666666666667 0.4064814814814815
2 0.27291666666666664 0.8148148148148148 0.10208333333333333 0.37037037037037035
2 0.16015625 0.34444444444444444 0.09635416666666667 0.3611111111111111
2 0.85703125 0.30972222222222223 0.1046875 0.3861111111111111
3 0.18359375 0.8083333333333333 0.0765625 0.3055555555555556
3 0.9158854166666667 0.7203703703703703 0.07760416666666667 0.2
3 0.08229166666666667 0.3861111111111111 0.059375 0.3055555555555556
3 0.9401041666666666 0.3416666666666667 0.06145833333333333 0.32222222222222224
4 0.11588541666666667 0.8134259259259259 0.05677083333333333 0.24351851851851852
5 0.04375 0.8277777777777777 0.08541666666666667 0.20925925925925926