0 0.41302083333333334 0.32175925925925924 0.17604166666666668 0.3490740740740741
0 0.5911458333333334 0.32175925925925924 0.18020833333333333 0.3490740740740741
1 0.7416666666666667 0.31203703703703706 0.12083333333333333 0.3296296296296296
1 0.2635416666666667 0.3125 0.12083333333333333 0.3194444444444444
1 0.7158854166666667 0.8074074074074075 0.1046875 0.32222222222222224
1 0.3776041666666667 0.8046296296296296 0.1125 0.32222222222222224
2 0.8528645833333334 0.31805555555555554 0.09635416666666667 0.36574074074074076
2 0.1546875 0.350462962962963 0.09166666666666666 0.35833333333333334
2 0.26901041666666664 0.8185185185185185 0.1046875 0.362962962962963
2 0.8205729166666667 0.8018518518518518 0.09635416666666667 0.3962962962962963
3 0.07942708333333333 0.3861111111111111 0.058854166666666666 0.3055555555555556
3 0.17708333333333334 0.8171296296296297 0.07916666666666666 0.30833333333333335
3 0.93203125 0.34675925925925927 0.0671875 0.3175925925925926
3 0.9078125 0.7287037037037037 0.078125 0.1925925925925926
4 0.10703125 0.8217592592592593 0.0578125 0.25092592592592594
5 0.0390625 0.8263888888888888 0.078125 0.21203703703703702