5 0.04921875 0.6893518518518519 0.06302083333333333 0.1287037037037037
4 0.10729166666666666 0.7027777777777777 0.046875 0.14074074074074075
4 0.9197916666666667 0.6569444444444444 0.05625 0.16944444444444445
3 0.9052083333333333 0.43148148148148147 0.06666666666666667 0.2722222222222222
3 0.10651041666666666 0.4949074074074074 0.05364583333333333 0.26944444444444443
3 0.16536458333333334 0.7226851851851852 0.0671875 0.1675925925925926
3 0.85234375 0.6620370370370371 0.0765625 0.2074074074074074
2 0.8239583333333333 0.4041666666666667 0.09791666666666667 0.32685185185185184
2 0.17369791666666667 0.47453703703703703 0.08072916666666667 0.3194444444444444
2 0.24609375 0.7226851851851852 0.09635416666666667 0.2712962962962963
2 0.76484375 0.6287037037037037 0.09010416666666667 0.35555555555555557
1 0.71640625 0.41944444444444445 0.1140625 0.2962962962962963
1 0.2674479166666667 0.44722222222222224 0.1078125 0.2740740740740741
1 0.34453125 0.687037037037037 0.0953125 0.2
1 0.6596354166666667 0.662962962962963 0.11822916666666666 0.22037037037037038
0 0.40703125 0.46620370370370373 0.1640625 0.29907407407407405
0 0.5708333333333333 0.4564814814814815 0.16666666666666666 0.3037037037037037
0 0.4427083333333333 0.687037037037037 0.09479166666666666 0.1425925925925926
0 0.5442708333333334 0.6819444444444445 0.10208333333333333 0.14351851851851852