0 0.32864583333333336 0.6263888888888889 0.103125 0.2601851851851852
0 0.6596354166666667 0.637962962962963 0.11822916666666666 0.25
0 0.2520833333333333 0.3680555555555556 0.10833333333333334 0.2935185185185185
0 0.7140625 0.36944444444444446 0.11145833333333334 0.32037037037037036
1 0.5401041666666667 0.6546296296296297 0.11041666666666666 0.17962962962962964
1 0.43463541666666666 0.6356481481481482 0.0984375 0.16018518518518518
1 0.3932291666666667 0.3851851851851852 0.16770833333333332 0.337037037037037
1 0.5661458333333333 0.3837962962962963 0.17604166666666668 0.35833333333333334
2 0.22864583333333333 0.6509259259259259 0.09166666666666666 0.29074074074074074
2 0.7703125 0.6129629629629629 0.11145833333333334 0.36666666666666664
2 0.15677083333333333 0.38657407407407407 0.07604166666666666 0.3435185185185185
2 0.8307291666666666 0.3731481481481482 0.11145833333333334 0.3648148148148148
3 0.15416666666666667 0.6537037037037037 0.06041666666666667 0.1814814814814815
3 0.8630208333333333 0.6606481481481481 0.07395833333333333 0.20462962962962963
3 0.09505208333333333 0.40185185185185185 0.0390625 0.2833333333333333
3 0.9247395833333333 0.3925925925925926 0.06822916666666666 0.32222222222222224