0 0.4661458333333333 0.6453703703703704 0.10208333333333333 0.15
0 0.5697916666666667 0.6462962962962963 0.10208333333333333 0.14814814814814814
0 0.4244791666666667 0.4027777777777778 0.16354166666666667 0.3148148148148148
0 0.5942708333333333 0.40879629629629627 0.17604166666666668 0.32685185185185184
1 0.3640625 0.637962962962963 0.096875 0.21296296296296297
1 0.6822916666666666 0.6333333333333333 0.1125 0.21296296296296297
1 0.7401041666666667 0.38842592592592595 0.115625 0.3101851851851852
1 0.28828125 0.39490740740740743 0.10572916666666667 0.28425925925925927
2 0.7885416666666667 0.6055555555555555 0.096875 0.362962962962963
2 0.19505208333333332 0.4236111111111111 0.08072916666666667 0.32685185185185184
2 0.8533854166666667 0.3921296296296296 0.10885416666666667 0.33611111111111114
3 0.88125 0.6574074074074074 0.08854166666666667 0.19814814814814816
3 0.9421875 0.40185185185185185 0.065625 0.28888888888888886
4 0.9536458333333333 0.6412037037037037 0.05625 0.18611111111111112