0 0.48828125 0.788425925925926 0.10885416666666667 0.30833333333333335
0 0.41067708333333336 0.32083333333333336 0.17864583333333334 0.33611111111111114
0 0.5890625 0.32407407407407407 0.18125 0.3537037037037037
1 0.26484375 0.3037037037037037 0.11822916666666666 0.32222222222222224
1 0.7393229166666667 0.30972222222222223 0.11927083333333334 0.325
1 0.3770833333333333 0.8013888888888889 0.10625 0.3101851851851852
2 0.8213541666666667 0.7935185185185185 0.103125 0.412962962962963
2 0.2708333333333333 0.8134259259259259 0.103125 0.36203703703703705
2 0.15755208333333334 0.3458333333333333 0.09114583333333333 0.35833333333333334
2 0.85078125 0.3148148148148148 0.10572916666666667 0.37222222222222223
3 0.9127604166666666 0.7847222222222222 0.0765625 0.3194444444444444
3 0.17890625 0.8194444444444444 0.07552083333333333 0.3074074074074074
3 0.078125 0.3814814814814815 0.05625 0.28703703703703703
3 0.9354166666666667 0.3375 0.065625 0.3416666666666667
4 0.11197916666666667 0.8180555555555555 0.06458333333333334 0.24351851851851852
5 0.03854166666666667 0.8217592592592593 0.07708333333333334 0.2175925925925926