0 0.55625 0.6689814814814815 0.11041666666666666 0.20277777777777778
0 0.44557291666666665 0.6347222222222222 0.10885416666666667 0.16203703703703703
0 0.5869791666666667 0.3800925925925926 0.18229166666666666 0.36944444444444446
0 0.4049479166666667 0.37777777777777777 0.17864583333333334 0.34629629629629627
1 0.6755208333333333 0.6513888888888889 0.12604166666666666 0.2675925925925926
1 0.3455729166666667 0.6560185185185186 0.09114583333333333 0.20092592592592592
1 0.7447916666666666 0.36712962962962964 0.13020833333333334 0.3435185185185185
2 0.7958333333333333 0.662962962962963 0.11666666666666667 0.37222222222222223
2 0.8661458333333333 0.36944444444444446 0.10729166666666666 0.3907407407407407
3 0.8950520833333333 0.6796296296296296 0.08177083333333333 0.22407407407407406
3 0.9598958333333333 0.38055555555555554 0.08020833333333334 0.35555555555555557
4 0.96796875 0.6736111111111112 0.0640625 0.22685185185185186