5 0.052083333333333336 0.8240740740740741 0.084375 0.18888888888888888
4 0.12447916666666667 0.8268518518518518 0.06041666666666667 0.2074074074074074
3 0.18177083333333333 0.8217592592592593 0.06979166666666667 0.26944444444444443
3 0.8627604166666667 0.7527777777777778 0.08177083333333333 0.28888888888888886
3 0.8997395833333334 0.37777777777777777 0.05364583333333333 0.26481481481481484
3 0.09973958333333334 0.4648148148148148 0.05677083333333333 0.2722222222222222
1 0.3653645833333333 0.8231481481481482 0.09947916666666666 0.29074074074074074
1 0.6830729166666667 0.7976851851851852 0.10885416666666667 0.2935185185185185
1 0.7208333333333333 0.3699074074074074 0.11145833333333334 0.3101851851851852
2 0.26536458333333335 0.8337962962962963 0.0953125 0.33240740740740743
2 0.78515625 0.7861111111111111 0.0953125 0.3648148148148148
2 0.17291666666666666 0.449537037037037 0.084375 0.30833333333333335
2 0.8239583333333333 0.36203703703703705 0.09270833333333334 0.3296296296296296
0 0.465625 0.8013888888888889 0.10625 0.25833333333333336
0 0.575 0.7976851851851852 0.11041666666666666 0.2601851851851852
0 0.41302083333333334 0.42407407407407405 0.16770833333333332 0.3055555555555556
0 0.5817708333333333 0.40046296296296297 0.16354166666666667 0.33425925925925926