0 0.4869791666666667 0.7726851851851851 0.11666666666666667 0.2861111111111111
0 0.4078125 0.3111111111111111 0.17083333333333334 0.3611111111111111
0 0.5885416666666666 0.3106481481481482 0.18541666666666667 0.3509259259259259
1 0.26145833333333335 0.29907407407407405 0.11666666666666667 0.3074074074074074
1 0.3723958333333333 0.8125 0.10729166666666666 0.32685185185185184
1 0.7388020833333333 0.300462962962963 0.11510416666666666 0.3435185185185185
2 0.26666666666666666 0.8087962962962963 0.09791666666666667 0.3824074074074074
2 0.15546875 0.34074074074074073 0.09010416666666667 0.3814814814814815
2 0.8221354166666667 0.7935185185185185 0.09947916666666666 0.412962962962963
2 0.8486979166666667 0.31342592592592594 0.1046875 0.36574074074074076
3 0.17630208333333333 0.8087962962962963 0.07760416666666667 0.30092592592592593
3 0.9078125 0.7810185185185186 0.078125 0.32685185185185184
3 0.078125 0.37037037037037035 0.059375 0.29814814814814816
3 0.9307291666666667 0.337037037037037 0.06145833333333333 0.32222222222222224
4 0.10911458333333333 0.8125 0.05364583333333333 0.2361111111111111
5 0.040364583333333336 0.812037037037037 0.08072916666666667 0.2074074074074074