0 0.5669270833333333 0.6273148148148148 0.09947916666666666 0.1675925925925926
0 0.5877604166666667 0.37824074074074077 0.16510416666666666 0.32685185185185184
0 0.42239583333333336 0.3800925925925926 0.1625 0.32685185185185184
1 0.6734375 0.6055555555555555 0.11145833333333334 0.21481481481481482
1 0.2864583333333333 0.3597222222222222 0.10729166666666666 0.3101851851851852
1 0.73203125 0.3574074074074074 0.1234375 0.32407407407407407
2 0.7869791666666667 0.5879629629629629 0.115625 0.37407407407407406
2 0.85 0.36944444444444446 0.10729166666666666 0.3574074074074074
2 0.19427083333333334 0.38981481481481484 0.07395833333333333 0.31296296296296294
3 0.8817708333333333 0.6430555555555556 0.07395833333333333 0.1935185185185185
3 0.93671875 0.3814814814814815 0.06822916666666666 0.2962962962962963
4 0.95 0.6273148148148148 0.06041666666666667 0.18611111111111112