0 0.45338541666666665 0.6810185185185185 0.10572916666666667 0.2657407407407407
0 0.56171875 0.6833333333333333 0.1046875 0.2740740740740741
0 0.5736979166666667 0.39351851851851855 0.16614583333333333 0.3148148148148148
0 0.403125 0.39305555555555555 0.16875 0.3101851851851852
1 0.67109375 0.687037037037037 0.10885416666666667 0.2814814814814815
1 0.3533854166666667 0.7074074074074074 0.09114583333333333 0.31296296296296294
1 0.7184895833333333 0.36944444444444446 0.11822916666666666 0.32037037037037036
1 0.2703125 0.3597222222222222 0.096875 0.3194444444444444
2 0.26276041666666666 0.712037037037037 0.08697916666666666 0.37962962962962965
2 0.7802083333333333 0.6944444444444444 0.10208333333333333 0.37222222222222223
2 0.8341145833333333 0.36342592592592593 0.10989583333333333 0.3509259259259259
2 0.18098958333333334 0.4027777777777778 0.0765625 0.3296296296296296
3 0.18619791666666666 0.7129629629629629 0.06822916666666666 0.2814814814814815
3 0.8690104166666667 0.6893518518518519 0.07552083333333333 0.2916666666666667
3 0.9205729166666666 0.3875 0.06614583333333333 0.31203703703703706
3 0.12057291666666667 0.41944444444444445 0.04739583333333333 0.2814814814814815
4 0.9401041666666666 0.6726851851851852 0.06145833333333333 0.23425925925925925