0 0.4903645833333333 0.7893518518518519 0.11302083333333333 0.3194444444444444
0 0.4125 0.3263888888888889 0.17708333333333334 0.325
0 0.59375 0.32314814814814813 0.18541666666666667 0.34629629629629627
1 0.7184895833333333 0.7944444444444444 0.1046875 0.3388888888888889
1 0.3776041666666667 0.8013888888888889 0.10729166666666666 0.3435185185185185
1 0.2635416666666667 0.30277777777777776 0.115625 0.3388888888888889
1 0.7427083333333333 0.3050925925925926 0.1125 0.33425925925925926
2 0.2716145833333333 0.8111111111111111 0.1046875 0.37777777777777777
2 0.8234375 0.7981481481481482 0.10208333333333333 0.40370370370370373
2 0.15729166666666666 0.34814814814814815 0.096875 0.37222222222222223
2 0.85234375 0.32407407407407407 0.10052083333333334 0.37777777777777777
3 0.17890625 0.8087962962962963 0.07760416666666667 0.30092592592592593
3 0.9138020833333333 0.7166666666666667 0.0765625 0.2074074074074074
3 0.9346354166666667 0.35509259259259257 0.06197916666666667 0.3490740740740741
3 0.07890625 0.3861111111111111 0.0578125 0.3055555555555556
4 0.10963541666666667 0.8240740740740741 0.0578125 0.26481481481481484
5 0.04114583333333333 0.8361111111111111 0.08229166666666667 0.23148148148148148