0 0.4125 0.32546296296296295 0.17708333333333334 0.33611111111111114
0 0.5903645833333333 0.324537037037037 0.17864583333333334 0.3435185185185185
1 0.3796875 0.8013888888888889 0.11145833333333334 0.325
1 0.7153645833333333 0.7967592592592593 0.10885416666666667 0.33425925925925926
1 0.7416666666666667 0.3074074074074074 0.12083333333333333 0.3333333333333333
1 0.26223958333333336 0.3125 0.11822916666666666 0.3101851851851852
2 0.8205729166666667 0.8050925925925926 0.09635416666666667 0.38981481481481484
2 0.2716145833333333 0.8148148148148148 0.1046875 0.37037037037037035
2 0.8533854166666667 0.32083333333333336 0.10052083333333334 0.375
2 0.15598958333333332 0.3537037037037037 0.09427083333333333 0.35555555555555557
3 0.17682291666666666 0.8337962962962963 0.08177083333333333 0.33240740740740743
3 0.9083333333333333 0.7129629629629629 0.07916666666666666 0.20555555555555555
3 0.07942708333333333 0.3851851851851852 0.058854166666666666 0.3074074074074074
3 0.9354166666666667 0.34953703703703703 0.065625 0.3509259259259259
4 0.10572916666666667 0.8347222222222223 0.06354166666666666 0.2675925925925926
5 0.036458333333333336 0.8240740740740741 0.07291666666666667 0.19814814814814816