0 0.3338541666666667 0.6402777777777777 0.09791666666666667 0.2361111111111111
0 0.65625 0.6273148148148148 0.11145833333333334 0.23425925925925925
0 0.25807291666666665 0.3648148148148148 0.1046875 0.3
0 0.71796875 0.37175925925925923 0.12239583333333333 0.325
1 0.54140625 0.6486111111111111 0.1046875 0.1712962962962963
1 0.4359375 0.6416666666666667 0.10104166666666667 0.16666666666666666
1 0.5716145833333334 0.38842592592592595 0.17552083333333332 0.3527777777777778
1 0.39765625 0.3875 0.16614583333333333 0.3416666666666667
2 0.23671875 0.65 0.10989583333333333 0.28888888888888886
2 0.16276041666666666 0.38981481481481484 0.07552083333333333 0.35
2 0.76640625 0.6324074074074074 0.10885416666666667 0.3388888888888889
2 0.8361979166666667 0.37453703703703706 0.10885416666666667 0.3435185185185185
3 0.15078125 0.65 0.05677083333333333 0.15555555555555556
3 0.09921875 0.4101851851851852 0.044270833333333336 0.28703703703703703
3 0.8661458333333333 0.6523148148148148 0.08854166666666667 0.20833333333333334
3 0.9260416666666667 0.3958333333333333 0.07083333333333333 0.2953703703703704