0 0.6864583333333333 0.6356481481481482 0.12916666666666668 0.24166666666666667
0 0.7588541666666667 0.36712962962962964 0.12395833333333334 0.33425925925925926
1 0.5674479166666667 0.6560185185185186 0.10364583333333334 0.18611111111111112
1 0.45677083333333335 0.649074074074074 0.1125 0.19074074074074074
1 0.4236979166666667 0.3731481481481482 0.16510416666666666 0.3611111111111111
1 0.6018229166666667 0.3787037037037037 0.18489583333333334 0.37222222222222223
2 0.8046875 0.6203703703703703 0.10729166666666666 0.3814814814814815
2 0.8776041666666666 0.36712962962962964 0.10625 0.3527777777777778
3 0.90390625 0.662962962962963 0.0859375 0.2388888888888889
3 0.9666666666666667 0.3814814814814815 0.06666666666666667 0.3111111111111111
4 0.9734375 0.6532407407407408 0.053125 0.21944444444444444