0 0.33255208333333336 0.6236111111111111 0.10572916666666667 0.22685185185185186
0 0.6528645833333333 0.6296296296296297 0.11302083333333333 0.2574074074074074
0 0.2559895833333333 0.3648148148148148 0.10364583333333334 0.3148148148148148
0 0.7192708333333333 0.37175925925925923 0.125 0.33425925925925926
1 0.54140625 0.649074074074074 0.1015625 0.1814814814814815
1 0.43723958333333335 0.6347222222222222 0.10364583333333334 0.16203703703703703
1 0.5703125 0.38472222222222224 0.17083333333333334 0.36018518518518516
1 0.3963541666666667 0.3824074074074074 0.171875 0.35555555555555557
2 0.22838541666666667 0.6509259259259259 0.1046875 0.29074074074074074
2 0.7669270833333334 0.625 0.11302083333333333 0.362962962962963
2 0.16484375 0.39444444444444443 0.0765625 0.34074074074074073
2 0.83671875 0.3685185185185185 0.1015625 0.37037037037037035
3 0.14609375 0.6597222222222222 0.05260416666666667 0.1787037037037037
3 0.8669270833333333 0.6583333333333333 0.08489583333333334 0.2
3 0.10104166666666667 0.4013888888888889 0.042708333333333334 0.2935185185185185
3 0.92265625 0.3907407407407407 0.0703125 0.2962962962962963