0 0.4622395833333333 0.6356481481481482 0.09427083333333333 0.1638888888888889
0 0.5643229166666667 0.6393518518518518 0.1046875 0.1712962962962963
0 0.5895833333333333 0.3958333333333333 0.171875 0.3101851851851852
0 0.4171875 0.39305555555555555 0.17291666666666666 0.3101851851851852
1 0.6729166666666667 0.6240740740740741 0.10729166666666666 0.19814814814814816
1 0.3653645833333333 0.6365740740740741 0.09947916666666666 0.2101851851851852
1 0.28515625 0.37916666666666665 0.09114583333333333 0.30092592592592593
1 0.73671875 0.37453703703703706 0.12239583333333333 0.3101851851851852
2 0.26614583333333336 0.6513888888888889 0.09375 0.27685185185185185
2 0.7809895833333333 0.6046296296296296 0.10885416666666667 0.35
2 0.8494791666666667 0.3731481481481482 0.10104166666666667 0.34629629629629627
2 0.19244791666666666 0.3990740740740741 0.09114583333333333 0.34629629629629627
3 0.8770833333333333 0.6416666666666667 0.08020833333333334 0.19074074074074074
3 0.9346354166666667 0.3921296296296296 0.0671875 0.29907407407407405
4 0.9486979166666667 0.6333333333333333 0.06302083333333333 0.17962962962962964