5 0.08229166666666667 0.8444444444444444 0.09166666666666666 0.18703703703703703
4 0.14817708333333332 0.8476851851851852 0.0671875 0.20277777777777778
4 0.07135416666666666 0.49953703703703706 0.0375 0.22685185185185186
3 0.20833333333333334 0.8564814814814815 0.075 0.2814814814814815
3 0.8864583333333333 0.7754629629629629 0.078125 0.2861111111111111
3 0.9205729166666666 0.38981481481481484 0.06302083333333333 0.27037037037037037
3 0.121875 0.48148148148148145 0.057291666666666664 0.24814814814814815
2 0.8111979166666666 0.7939814814814815 0.09114583333333333 0.3435185185185185
2 0.29296875 0.8435185185185186 0.09427083333333333 0.31296296296296294
2 0.8434895833333333 0.36944444444444446 0.09427083333333333 0.3296296296296296
1 0.39036458333333335 0.8527777777777777 0.0984375 0.29444444444444445
1 0.7111979166666667 0.8231481481481482 0.10885416666666667 0.2814814814814815
1 0.29375 0.4222222222222222 0.11145833333333334 0.2722222222222222
1 0.74140625 0.3800925925925926 0.1046875 0.30833333333333335
0 0.49375 0.8277777777777777 0.10104166666666667 0.26666666666666666
0 0.6018229166666667 0.8231481481481482 0.10989583333333333 0.26296296296296295
0 0.4354166666666667 0.43425925925925923 0.16666666666666666 0.3055555555555556
0 0.6036458333333333 0.4111111111111111 0.16770833333333332 0.32222222222222224