0 0.59453125 0.3050925925925926 0.18385416666666668 0.36203703703703705
0 0.4125 0.3050925925925926 0.17708333333333334 0.36203703703703705
0 0.49557291666666664 0.7708333333333334 0.11822916666666666 0.3101851851851852
0 0.6111979166666667 0.7726851851851851 0.11302083333333333 0.3194444444444444
1 0.26536458333333335 0.30277777777777776 0.1140625 0.3055555555555556
1 0.7447916666666666 0.29768518518518516 0.11666666666666667 0.3194444444444444
1 0.3828125 0.7824074074074074 0.10729166666666666 0.3148148148148148
1 0.72265625 0.788425925925926 0.10989583333333333 0.3416666666666667
2 0.8549479166666667 0.3050925925925926 0.10364583333333334 0.3824074074074074
2 0.27708333333333335 0.8027777777777778 0.10208333333333333 0.39444444444444443
2 0.15885416666666666 0.3375 0.09375 0.36944444444444446
3 0.9395833333333333 0.33287037037037037 0.065625 0.3175925925925926
3 0.0828125 0.3731481481481482 0.06041666666666667 0.3074074074074074
3 0.18359375 0.8041666666666667 0.08177083333333333 0.3101851851851852
4 0.11328125 0.8060185185185185 0.05364583333333333 0.24351851851851852
5 0.04375 0.8134259259259259 0.0875 0.23425925925925925