5 0.08020833333333334 0.8458333333333333 0.0875 0.1787037037037037
4 0.14739583333333334 0.850462962962963 0.06875 0.20833333333333334
3 0.2078125 0.8444444444444444 0.07916666666666666 0.2574074074074074
3 0.11588541666666667 0.4828703703703704 0.05677083333333333 0.25462962962962965
3 0.91875 0.3921296296296296 0.05625 0.275
3 0.8864583333333333 0.7643518518518518 0.078125 0.26944444444444443
2 0.29322916666666665 0.8435185185185186 0.08854166666666667 0.31296296296296294
2 0.8432291666666667 0.36342592592592593 0.08854166666666667 0.32685185185185184
2 0.8091145833333333 0.7907407407407407 0.09010416666666667 0.34629629629629627
1 0.2916666666666667 0.4222222222222222 0.10729166666666666 0.2814814814814815
1 0.7434895833333334 0.37777777777777777 0.10885416666666667 0.3074074074074074
1 0.38828125 0.8481481481481481 0.09947916666666666 0.3037037037037037
1 0.7098958333333333 0.8208333333333333 0.10833333333333334 0.2861111111111111
0 0.43125 0.42916666666666664 0.171875 0.30092592592592593
0 0.60390625 0.4125 0.1703125 0.3194444444444444
0 0.49296875 0.8263888888888888 0.1046875 0.2601851851851852
0 0.5997395833333333 0.8240740740740741 0.10885416666666667 0.27037037037037037