5 0.05677083333333333 0.8171296296296297 0.078125 0.18425925925925926
4 0.11979166666666667 0.8171296296296297 0.06458333333333334 0.21203703703703702
2 0.26276041666666666 0.8245370370370371 0.0921875 0.3509259259259259
2 0.77890625 0.7680555555555556 0.09114583333333333 0.36203703703703705
2 0.8192708333333333 0.3476851851851852 0.09166666666666666 0.33425925925925926
1 0.36015625 0.8087962962962963 0.09947916666666666 0.2916666666666667
1 0.6796875 0.7824074074074074 0.11041666666666666 0.2814814814814815
1 0.7171875 0.3587962962962963 0.10729166666666666 0.30833333333333335
3 0.17604166666666668 0.8171296296296297 0.075 0.275
3 0.8580729166666666 0.7430555555555556 0.08072916666666667 0.27870370370370373
3 0.9 0.36574074074074076 0.06979166666666667 0.2740740740740741
3 0.09557291666666666 0.4638888888888889 0.058854166666666666 0.25
0 0.4627604166666667 0.7870370370370371 0.10885416666666667 0.26296296296296295
0 0.5716145833333334 0.7833333333333333 0.10885416666666667 0.26481481481481484
0 0.40729166666666666 0.4111111111111111 0.16666666666666666 0.3037037037037037
0 0.57890625 0.39444444444444443 0.16614583333333333 0.3314814814814815