0 0.5533854166666666 0.6726851851851852 0.1046875 0.20092592592592592
0 0.4453125 0.6657407407407407 0.10625 0.19074074074074074
0 0.5809895833333333 0.37175925925925923 0.18072916666666666 0.4101851851851852
0 0.39895833333333336 0.3768518518518518 0.17708333333333334 0.3814814814814815
1 0.3359375 0.674074074074074 0.09166666666666666 0.1648148148148148
1 0.6690104166666667 0.6675925925925926 0.1234375 0.2574074074074074
1 0.7380208333333333 0.3731481481481482 0.13020833333333334 0.34629629629629627
2 0.7890625 0.6569444444444444 0.11979166666666667 0.36018518518518516
2 0.8635416666666667 0.3800925925925926 0.115625 0.36944444444444446
3 0.890625 0.674074074074074 0.08333333333333333 0.2222222222222222
3 0.9614583333333333 0.39814814814814814 0.07708333333333334 0.3333333333333333
4 0.9666666666666667 0.662962962962963 0.06666666666666667 0.19074074074074074