0 0.4158854166666667 0.32037037037037036 0.18385416666666668 0.34629629629629627
0 0.5971354166666667 0.32407407407407407 0.17864583333333334 0.3537037037037037
1 0.38359375 0.8013888888888889 0.1171875 0.33425925925925926
1 0.71796875 0.7921296296296296 0.10572916666666667 0.33425925925925926
1 0.7434895833333334 0.3074074074074074 0.1140625 0.3388888888888889
1 0.2630208333333333 0.3013888888888889 0.11145833333333334 0.33240740740740743
2 0.8247395833333333 0.7981481481481482 0.1046875 0.40370370370370373
2 0.2734375 0.8125 0.103125 0.375
2 0.159375 0.3597222222222222 0.09270833333333334 0.35833333333333334
2 0.8541666666666666 0.32407407407407407 0.09895833333333333 0.37222222222222223
3 0.18645833333333334 0.8263888888888888 0.07395833333333333 0.3416666666666667
3 0.9145833333333333 0.7106481481481481 0.075 0.2101851851851852
3 0.9361979166666666 0.350462962962963 0.0671875 0.3287037037037037
3 0.08098958333333334 0.37824074074074077 0.06197916666666667 0.3175925925925926
4 0.11380208333333333 0.8277777777777777 0.06822916666666666 0.2814814814814815
5 0.0390625 0.8384259259259259 0.078125 0.2361111111111111