0 0.565625 0.6310185185185185 0.11041666666666666 0.15462962962962962
0 0.4596354166666667 0.6273148148148148 0.09947916666666666 0.15833333333333333
0 0.41848958333333336 0.38472222222222224 0.16510416666666666 0.3175925925925926
0 0.5890625 0.38657407407407407 0.17291666666666666 0.33425925925925926
1 0.3614583333333333 0.624537037037037 0.10729166666666666 0.21944444444444444
1 0.6697916666666667 0.6203703703703703 0.09791666666666667 0.21481481481481482
1 0.73671875 0.36203703703703705 0.1171875 0.3148148148148148
1 0.28515625 0.37916666666666665 0.09947916666666666 0.2916666666666667
2 0.7796875 0.6046296296296296 0.11458333333333333 0.3611111111111111
2 0.2635416666666667 0.637962962962963 0.09375 0.29814814814814816
2 0.85 0.3648148148148148 0.10208333333333333 0.3388888888888889
2 0.19166666666666668 0.39675925925925926 0.07604166666666666 0.36018518518518516
3 0.87421875 0.6356481481481482 0.08072916666666667 0.20833333333333334
3 0.9348958333333334 0.3875 0.06458333333333334 0.30277777777777776
4 0.9447916666666667 0.6296296296296297 0.06041666666666667 0.17592592592592593