5 0.05546875 0.8328703703703704 0.07760416666666667 0.18611111111111112
4 0.1265625 0.8314814814814815 0.06458333333333334 0.21666666666666667
3 0.18411458333333333 0.8263888888888888 0.07239583333333334 0.26944444444444443
3 0.8630208333333333 0.7666666666666667 0.0875 0.3074074074074074
3 0.89765625 0.3685185185185185 0.0578125 0.26481481481481484
2 0.265625 0.8337962962962963 0.09270833333333334 0.33240740740740743
2 0.7830729166666667 0.7763888888888889 0.09635416666666667 0.36018518518518516
2 0.821875 0.3476851851851852 0.09375 0.3435185185185185
1 0.6817708333333333 0.7930555555555555 0.103125 0.2935185185185185
1 0.36276041666666664 0.8217592592592593 0.09947916666666666 0.2935185185185185
1 0.2721354166666667 0.40046296296296297 0.10885416666666667 0.27685185185185185
1 0.7205729166666667 0.36018518518518516 0.10885416666666667 0.3055555555555556
0 0.46822916666666664 0.8027777777777778 0.10625 0.25555555555555554
0 0.5763020833333333 0.8 0.1078125 0.2796296296296296
0 0.40989583333333335 0.4134259259259259 0.16666666666666666 0.30277777777777776
0 0.5791666666666667 0.40046296296296297 0.171875 0.325