0 0.4861979166666667 0.7856481481481481 0.10989583333333333 0.32685185185185184
0 0.596875 0.788425925925926 0.11145833333333334 0.33611111111111114
0 0.40729166666666666 0.3148148148148148 0.17708333333333334 0.3388888888888889
0 0.58828125 0.3148148148148148 0.1796875 0.3388888888888889
1 0.3763020833333333 0.7967592592592593 0.10989583333333333 0.325
1 0.259375 0.29814814814814816 0.1125 0.3296296296296296
1 0.7408854166666666 0.3050925925925926 0.11927083333333334 0.325
2 0.2669270833333333 0.8111111111111111 0.10885416666666667 0.37777777777777777
2 0.8247395833333333 0.7907407407407407 0.09947916666666666 0.4185185185185185
2 0.15390625 0.3490740740740741 0.0953125 0.37037037037037035
2 0.8528645833333334 0.31805555555555554 0.1015625 0.36018518518518516
3 0.17473958333333334 0.8050925925925926 0.07239583333333334 0.29907407407407405
3 0.07682291666666667 0.36944444444444446 0.05364583333333333 0.29074074074074074
3 0.90859375 0.7814814814814814 0.06822916666666666 0.3314814814814815
3 0.9341145833333333 0.34074074074074073 0.06302083333333333 0.3296296296296296
4 0.10833333333333334 0.8097222222222222 0.06041666666666667 0.2361111111111111
5 0.03854166666666667 0.812037037037037 0.07708333333333334 0.19814814814814816