5 0.075 0.8300925925925926 0.084375 0.18055555555555555
4 0.13984375 0.8467592592592592 0.0671875 0.22870370370370371
4 0.05807291666666667 0.47685185185185186 0.0484375 0.22962962962962963
3 0.8791666666666667 0.7574074074074074 0.07916666666666666 0.27037037037037037
3 0.20442708333333334 0.8337962962962963 0.07760416666666667 0.26944444444444443
3 0.9098958333333333 0.3685185185185185 0.057291666666666664 0.2796296296296296
2 0.28619791666666666 0.8328703703703704 0.0859375 0.30092592592592593
2 0.8005208333333333 0.7703703703703704 0.09375 0.32037037037037036
2 0.8333333333333334 0.3578703703703704 0.09270833333333334 0.33425925925925926
1 0.38229166666666664 0.8277777777777777 0.09791666666666667 0.2814814814814815
1 0.703125 0.8060185185185185 0.10625 0.27685185185185185
1 0.7294270833333333 0.3648148148148148 0.11302083333333333 0.3
1 0.2796875 0.4050925925925926 0.11041666666666666 0.27685185185185185
0 0.4861979166666667 0.8171296296296297 0.1046875 0.2601851851851852
0 0.59375 0.8125 0.11041666666666666 0.2601851851851852
0 0.4197916666666667 0.4125 0.16770833333333332 0.30092592592592593
0 0.5877604166666667 0.3912037037037037 0.16510416666666666 0.325