0 0.41770833333333335 0.3162037037037037 0.17708333333333334 0.3509259259259259
0 0.5989583333333334 0.31712962962962965 0.18541666666666667 0.35833333333333334
1 0.38359375 0.8125 0.10885416666666667 0.3175925925925926
1 0.75078125 0.30972222222222223 0.11822916666666666 0.33425925925925926
1 0.2708333333333333 0.31342592592592594 0.11979166666666667 0.3212962962962963
2 0.8333333333333334 0.8078703703703703 0.09791666666666667 0.38425925925925924
2 0.27838541666666666 0.8171296296296297 0.10989583333333333 0.36574074074074076
2 0.8643229166666667 0.3226851851851852 0.10364583333333334 0.375
2 0.16276041666666666 0.34814814814814815 0.09635416666666667 0.387037037037037
3 0.18645833333333334 0.8314814814814815 0.07395833333333333 0.337037037037037
3 0.91796875 0.7226851851851852 0.06822916666666666 0.17685185185185184
3 0.9453125 0.3527777777777778 0.05625 0.32407407407407407
3 0.08697916666666666 0.3699074074074074 0.05520833333333333 0.3101851851851852
4 0.11979166666666667 0.8180555555555555 0.059375 0.25277777777777777
5 0.04505208333333333 0.8337962962962963 0.09010416666666667 0.20833333333333334