0 0.5580729166666667 0.675 0.1140625 0.20555555555555555
0 0.4453125 0.649074074074074 0.10625 0.1814814814814815
0 0.584375 0.3837962962962963 0.18541666666666667 0.3768518518518518
0 0.39765625 0.3814814814814815 0.1796875 0.362962962962963
1 0.33932291666666664 0.6699074074074074 0.09010416666666667 0.18611111111111112
1 0.6723958333333333 0.6560185185185186 0.11666666666666667 0.25833333333333336
1 0.7388020833333333 0.37407407407407406 0.1265625 0.3388888888888889
2 0.78828125 0.6449074074074074 0.11302083333333333 0.36018518518518516
2 0.8622395833333333 0.3814814814814815 0.11510416666666666 0.3907407407407407
3 0.890625 0.6810185185185185 0.08854166666666667 0.20833333333333334
3 0.959375 0.39444444444444443 0.08125 0.34074074074074073
4 0.9666666666666667 0.6787037037037037 0.06666666666666667 0.2222222222222222