0 0.49166666666666664 0.7800925925925926 0.11041666666666666 0.3101851851851852
0 0.5911458333333334 0.32175925925925924 0.17708333333333334 0.3527777777777778
0 0.41380208333333335 0.31574074074074077 0.17447916666666666 0.337037037037037
1 0.3802083333333333 0.7981481481481482 0.12083333333333333 0.31296296296296294
1 0.26484375 0.3101851851851852 0.11822916666666666 0.3055555555555556
1 0.74140625 0.30277777777777776 0.1265625 0.32407407407407407
2 0.2674479166666667 0.8125 0.09427083333333333 0.375
2 0.8268229166666666 0.7763888888888889 0.10052083333333334 0.39351851851851855
2 0.159375 0.34444444444444444 0.08958333333333333 0.35
2 0.8541666666666666 0.3125 0.10208333333333333 0.3675925925925926
3 0.18098958333333334 0.8101851851851852 0.0765625 0.29814814814814816
3 0.9151041666666667 0.7754629629629629 0.07916666666666666 0.3194444444444444
3 0.08229166666666667 0.37083333333333335 0.06145833333333333 0.30277777777777776
3 0.93671875 0.3384259259259259 0.06302083333333333 0.33425925925925926
4 0.11302083333333333 0.8157407407407408 0.05625 0.2574074074074074
5 0.04244791666666667 0.8208333333333333 0.08489583333333334 0.21944444444444444