0 0.5796875 0.8134259259259259 0.103125 0.262037037037037
0 0.4166666666666667 0.4305555555555556 0.171875 0.3074074074074074
0 0.58515625 0.42083333333333334 0.16510416666666666 0.3212962962962963
0 0.475 0.8157407407407408 0.10625 0.26296296296296295
1 0.6864583333333333 0.8134259259259259 0.11041666666666666 0.2861111111111111
1 0.3723958333333333 0.8384259259259259 0.10208333333333333 0.2935185185185185
1 0.2747395833333333 0.42314814814814816 0.10885416666666667 0.2740740740740741
1 0.7252604166666666 0.3814814814814815 0.11510416666666666 0.3055555555555556
2 0.7924479166666667 0.8004629629629629 0.09635416666666667 0.36574074074074076
2 0.27239583333333334 0.8388888888888889 0.09791666666666667 0.32222222222222224
2 0.8299479166666667 0.36712962962962964 0.09427083333333333 0.3490740740740741
3 0.1875 0.8458333333333333 0.07395833333333333 0.27870370370370373
3 0.8677083333333333 0.7717592592592593 0.078125 0.2935185185185185
3 0.9059895833333333 0.3837962962962963 0.0578125 0.2824074074074074
4 0.13072916666666667 0.8458333333333333 0.06458333333333334 0.21203703703703702
5 0.06536458333333334 0.8467592592592592 0.08697916666666666 0.18611111111111112