5 0.046614583333333334 0.8324074074074074 0.09322916666666667 0.1814814814814815
4 0.12369791666666667 0.8314814814814815 0.0671875 0.21666666666666667
3 0.8609375 0.7652777777777777 0.08020833333333334 0.3101851851851852
3 0.184375 0.8472222222222222 0.075 0.3055555555555556
3 0.8963541666666667 0.3648148148148148 0.06041666666666667 0.2814814814814815
2 0.7817708333333333 0.7814814814814814 0.09375 0.35555555555555557
2 0.26614583333333336 0.8328703703703704 0.09375 0.33425925925925926
2 0.81796875 0.35509259259259257 0.09635416666666667 0.3287037037037037
1 0.3614583333333333 0.8263888888888888 0.096875 0.2935185185185185
1 0.68046875 0.8 0.10885416666666667 0.28888888888888886
1 0.2669270833333333 0.40185185185185185 0.10885416666666667 0.2740740740740741
1 0.7158854166666667 0.3611111111111111 0.1078125 0.29814814814814816
0 0.465625 0.8060185185185185 0.11145833333333334 0.2675925925925926
0 0.5747395833333333 0.8050925925925926 0.1046875 0.2657407407407407
0 0.4049479166666667 0.4078703703703704 0.16510416666666666 0.3101851851851852
0 0.5755208333333334 0.3958333333333333 0.17291666666666666 0.325