5 0.07760416666666667 0.8375 0.08958333333333333 0.18611111111111112
4 0.14375 0.8384259259259259 0.06979166666666667 0.20277777777777778
2 0.28567708333333336 0.8398148148148148 0.0984375 0.32037037037037036
2 0.80390625 0.7787037037037037 0.09010416666666667 0.3314814814814815
2 0.83203125 0.35648148148148145 0.0984375 0.34074074074074073
3 0.8783854166666667 0.7550925925925925 0.07760416666666667 0.2601851851851852
3 0.19765625 0.8310185185185185 0.07552083333333333 0.2601851851851852
3 0.9111979166666667 0.3731481481481482 0.0578125 0.2740740740740741
3 0.10859375 0.4736111111111111 0.0578125 0.2601851851851852
1 0.703125 0.8111111111111111 0.10833333333333334 0.28703703703703703
1 0.384375 0.8361111111111111 0.096875 0.2833333333333333
1 0.28229166666666666 0.4074074074074074 0.10729166666666666 0.2814814814814815
1 0.7278645833333334 0.3648148148148148 0.10989583333333333 0.3055555555555556
0 0.484375 0.8148148148148148 0.10104166666666667 0.26481481481481484
0 0.5924479166666666 0.8101851851851852 0.11302083333333333 0.26481481481481484
0 0.4231770833333333 0.4185185185185185 0.16927083333333334 0.3074074074074074
0 0.58984375 0.4027777777777778 0.1609375 0.32037037037037036