5 0.05 0.6824074074074075 0.06145833333333333 0.12407407407407407
4 0.1078125 0.6967592592592593 0.051041666666666666 0.14351851851851852
4 0.921875 0.6388888888888888 0.05 0.1814814814814815
3 0.85625 0.6532407407407408 0.07916666666666666 0.2101851851851852
3 0.16796875 0.7212962962962963 0.0671875 0.17407407407407408
3 0.10755208333333334 0.4912037037037037 0.0484375 0.2675925925925926
3 0.9098958333333333 0.41712962962962963 0.065625 0.262037037037037
2 0.17552083333333332 0.47453703703703703 0.08229166666666667 0.3194444444444444
2 0.25052083333333336 0.7106481481481481 0.09791666666666667 0.2675925925925926
2 0.8244791666666667 0.3972222222222222 0.10208333333333333 0.3314814814814815
2 0.7682291666666666 0.6296296296296297 0.096875 0.3537037037037037
1 0.71796875 0.4148148148148148 0.10885416666666667 0.3
1 0.27291666666666664 0.44305555555555554 0.10729166666666666 0.27685185185185185
1 0.35208333333333336 0.6833333333333333 0.09895833333333333 0.21296296296296297
1 0.6596354166666667 0.6657407407407407 0.11822916666666666 0.20555555555555555
0 0.41067708333333336 0.4601851851851852 0.16510416666666666 0.3
0 0.578125 0.4527777777777778 0.16770833333333332 0.3055555555555556
0 0.45416666666666666 0.6842592592592592 0.10729166666666666 0.14814814814814814
0 0.5549479166666667 0.6810185185185185 0.09114583333333333 0.15092592592592594