0 0.48723958333333334 0.7870370370370371 0.1140625 0.32037037037037036
0 0.41067708333333336 0.31574074074074077 0.17864583333333334 0.34629629629629627
0 0.5911458333333334 0.3087962962962963 0.18020833333333333 0.36574074074074076
1 0.37421875 0.8004629629629629 0.10364583333333334 0.33611111111111114
1 0.2635416666666667 0.29768518518518516 0.1125 0.3101851851851852
1 0.7421875 0.30416666666666664 0.11979166666666667 0.32685185185185184
2 0.82265625 0.7837962962962963 0.10572916666666667 0.375
2 0.2708333333333333 0.8101851851851852 0.09791666666666667 0.37962962962962965
2 0.1609375 0.34444444444444444 0.09270833333333334 0.34074074074074073
2 0.85078125 0.3101851851851852 0.10052083333333334 0.362962962962963
3 0.18229166666666666 0.8125 0.07916666666666666 0.30277777777777776
3 0.9145833333333333 0.7606481481481482 0.075 0.2861111111111111
3 0.9325520833333333 0.33055555555555555 0.06302083333333333 0.32222222222222224
3 0.07890625 0.3662037037037037 0.06302083333333333 0.28425925925925927
4 0.11171875 0.8125 0.058854166666666666 0.2361111111111111
5 0.03984375 0.8134259259259259 0.0796875 0.20462962962962963