0 0.4921875 0.7791666666666667 0.11145833333333334 0.2935185185185185
0 0.6052083333333333 0.7824074074074074 0.11666666666666667 0.3055555555555556
0 0.4197916666666667 0.3143518518518518 0.17604166666666668 0.3435185185185185
0 0.59765625 0.31342592592592594 0.1796875 0.35648148148148145
1 0.3815104166666667 0.8050925925925926 0.10989583333333333 0.32685185185185184
1 0.26875 0.3074074074074074 0.12083333333333333 0.3148148148148148
1 0.74609375 0.2967592592592593 0.11927083333333334 0.33611111111111114
2 0.27630208333333334 0.8097222222222222 0.10364583333333334 0.375
2 0.83203125 0.7958333333333333 0.09010416666666667 0.4083333333333333
2 0.16015625 0.34814814814814815 0.09635416666666667 0.362962962962963
2 0.8588541666666667 0.30787037037037035 0.10625 0.3675925925925926
3 0.18567708333333333 0.8134259259259259 0.07239583333333334 0.3194444444444444
3 0.91796875 0.7680555555555556 0.08177083333333333 0.325
3 0.0828125 0.37407407407407406 0.052083333333333336 0.29074074074074074
3 0.9401041666666666 0.3347222222222222 0.05625 0.3416666666666667
4 0.1171875 0.8148148148148148 0.059375 0.2462962962962963
5 0.049479166666666664 0.8217592592592593 0.06875 0.2212962962962963