0 0.49244791666666665 0.7847222222222222 0.1140625 0.30092592592592593
0 0.6036458333333333 0.7833333333333333 0.11145833333333334 0.29814814814814816
0 0.41119791666666666 0.3194444444444444 0.1796875 0.3388888888888889
0 0.5890625 0.32083333333333336 0.178125 0.3416666666666667
1 0.7401041666666667 0.29907407407407405 0.11770833333333333 0.35
1 0.26015625 0.3050925925925926 0.11927083333333334 0.31574074074074077
1 0.378125 0.799074074074074 0.10625 0.32037037037037036
2 0.85078125 0.3143518518518518 0.10364583333333334 0.3675925925925926
2 0.15416666666666667 0.34814814814814815 0.0875 0.362962962962963
2 0.27421875 0.8078703703703703 0.1046875 0.38425925925925924
3 0.18072916666666666 0.8185185185185185 0.07916666666666666 0.3148148148148148
3 0.07942708333333333 0.3824074074074074 0.058854166666666666 0.28888888888888886
3 0.9354166666666667 0.3347222222222222 0.065625 0.3175925925925926
4 0.11119791666666666 0.8180555555555555 0.0578125 0.262037037037037
5 0.04114583333333333 0.8217592592592593 0.08229166666666667 0.19722222222222222