5 0.052083333333333336 0.8277777777777777 0.07916666666666666 0.18703703703703703
4 0.12239583333333333 0.8194444444444444 0.06458333333333334 0.2074074074074074
2 0.7815104166666667 0.7717592592592593 0.09947916666666666 0.36944444444444446
2 0.2635416666666667 0.8291666666666667 0.09375 0.3416666666666667
2 0.8192708333333333 0.35509259259259257 0.09375 0.325
3 0.17890625 0.8217592592592593 0.07552083333333333 0.2657407407407407
3 0.8627604166666667 0.7467592592592592 0.08177083333333333 0.2916666666666667
3 0.8966145833333333 0.3685185185185185 0.0578125 0.2740740740740741
3 0.09635416666666667 0.4625 0.057291666666666664 0.25833333333333336
1 0.36015625 0.8134259259259259 0.09947916666666666 0.30092592592592593
1 0.6796875 0.788425925925926 0.11041666666666666 0.28425925925925927
1 0.71875 0.36435185185185187 0.10729166666666666 0.30092592592592593
0 0.4640625 0.7976851851851852 0.10625 0.26944444444444443
0 0.56875 0.7921296296296296 0.10625 0.2675925925925926
0 0.41041666666666665 0.4148148148148148 0.17291666666666666 0.3055555555555556
0 0.5817708333333333 0.399537037037037 0.16666666666666666 0.3175925925925926