0 0.45598958333333334 0.6365740740740741 0.0953125 0.16203703703703703
0 0.5588541666666667 0.6347222222222222 0.10729166666666666 0.16203703703703703
0 0.5864583333333333 0.38425925925925924 0.16770833333333332 0.3388888888888889
0 0.41510416666666666 0.38287037037037036 0.171875 0.3416666666666667
1 0.6622395833333333 0.6143518518518518 0.09635416666666667 0.21203703703703702
1 0.35546875 0.637962962962963 0.0984375 0.22592592592592592
1 0.278125 0.37777777777777777 0.10208333333333333 0.29814814814814816
1 0.7307291666666667 0.3541666666666667 0.12083333333333333 0.32685185185185184
2 0.2559895833333333 0.6537037037037037 0.0953125 0.2722222222222222
2 0.7682291666666666 0.5916666666666667 0.115625 0.37222222222222223
2 0.18828125 0.3912037037037037 0.07760416666666667 0.3527777777777778
2 0.8408854166666667 0.3625 0.09947916666666666 0.3527777777777778
3 0.8682291666666667 0.6407407407407407 0.08229166666666667 0.19814814814814816
3 0.9286458333333333 0.3861111111111111 0.07083333333333333 0.2962962962962963
4 0.94140625 0.6287037037037037 0.0640625 0.18333333333333332