0 0.4583333333333333 0.6333333333333333 0.10208333333333333 0.17407407407407408
0 0.56171875 0.6333333333333333 0.09947916666666666 0.17962962962962964
0 0.4192708333333333 0.3837962962962963 0.16354166666666667 0.325
0 0.5861979166666667 0.3814814814814815 0.1703125 0.32407407407407407
1 0.6669270833333333 0.6143518518518518 0.10885416666666667 0.21203703703703702
1 0.3528645833333333 0.6296296296296297 0.10572916666666667 0.22407407407407406
1 0.73125 0.3527777777777778 0.11666666666666667 0.34444444444444444
1 0.2796875 0.3587962962962963 0.11041666666666666 0.30277777777777776
2 0.78125 0.5949074074074074 0.11145833333333334 0.36018518518518516
2 0.25364583333333335 0.6310185185185185 0.09270833333333334 0.2935185185185185
2 0.8408854166666667 0.3574074074074074 0.09947916666666666 0.37222222222222223
2 0.18619791666666666 0.38425925925925924 0.07135416666666666 0.3388888888888889
3 0.8770833333333333 0.6425925925925926 0.075 0.19814814814814816
3 0.9307291666666667 0.37916666666666665 0.075 0.3101851851851852
4 0.9447916666666667 0.6287037037037037 0.057291666666666664 0.18888888888888888