5 0.05390625 0.6986111111111111 0.0671875 0.1287037037037037
4 0.11380208333333333 0.7074074074074074 0.044270833333333336 0.14074074074074075
4 0.9247395833333333 0.6546296296296297 0.0578125 0.18888888888888888
3 0.8575520833333333 0.6606481481481481 0.0765625 0.21574074074074073
3 0.17161458333333332 0.7180555555555556 0.06822916666666666 0.17685185185185184
3 0.1125 0.5055555555555555 0.052083333333333336 0.26666666666666666
3 0.9119791666666667 0.43148148148148147 0.06458333333333334 0.26296296296296295
2 0.7716145833333333 0.6416666666666667 0.0921875 0.3537037037037037
2 0.25078125 0.7157407407407408 0.09010416666666667 0.2962962962962963
2 0.1828125 0.4962962962962963 0.08333333333333333 0.3148148148148148
2 0.8278645833333333 0.4199074074074074 0.10364583333333334 0.33425925925925926
1 0.66640625 0.6833333333333333 0.10989583333333333 0.1925925925925926
1 0.35208333333333336 0.6967592592592593 0.10520833333333333 0.2101851851851852
1 0.278125 0.4625 0.10208333333333333 0.25833333333333336
1 0.72265625 0.43657407407407406 0.10989583333333333 0.30092592592592593
0 0.45546875 0.7046296296296296 0.1015625 0.14074074074074075
0 0.5567708333333333 0.6962962962962963 0.103125 0.14814814814814814
0 0.41640625 0.48148148148148145 0.1640625 0.3055555555555556
0 0.5822916666666667 0.46620370370370373 0.17083333333333334 0.3175925925925926