0 0.4583333333333333 0.6347222222222222 0.10208333333333333 0.1527777777777778
0 0.5622395833333333 0.6402777777777777 0.10364583333333334 0.16018518518518518
0 0.42135416666666664 0.39675925925925926 0.16770833333333332 0.32685185185185184
0 0.59296875 0.3921296296296296 0.1734375 0.33240740740740743
1 0.6734375 0.6273148148148148 0.11666666666666667 0.20462962962962963
1 0.2864583333333333 0.37916666666666665 0.10208333333333333 0.2916666666666667
1 0.7385416666666667 0.3768518518518518 0.12083333333333333 0.3055555555555556
2 0.78515625 0.6060185185185185 0.10364583333333334 0.35833333333333334
2 0.8513020833333333 0.3814814814814815 0.1046875 0.3388888888888889
2 0.19427083333333334 0.41712962962962963 0.07916666666666666 0.3287037037037037
3 0.8783854166666667 0.6546296296296297 0.08072916666666667 0.2074074074074074
3 0.9385416666666667 0.3925925925925926 0.06979166666666667 0.28888888888888886
4 0.9494791666666667 0.6365740740740741 0.059375 0.19537037037037036