0 0.5989583333333334 0.32407407407407407 0.18541666666666667 0.3537037037037037
0 0.41770833333333335 0.32916666666666666 0.17708333333333334 0.3527777777777778
1 0.7205729166666667 0.7981481481481482 0.10885416666666667 0.32222222222222224
1 0.38619791666666664 0.8037037037037037 0.11927083333333334 0.32037037037037036
1 0.75 0.3074074074074074 0.11666666666666667 0.34814814814814815
1 0.2716145833333333 0.3111111111111111 0.11822916666666666 0.31296296296296294
2 0.8286458333333333 0.8027777777777778 0.10208333333333333 0.39444444444444443
2 0.2760416666666667 0.8148148148148148 0.09791666666666667 0.37037037037037035
2 0.8588541666666667 0.32083333333333336 0.09791666666666667 0.375
2 0.16484375 0.35509259259259257 0.0953125 0.3675925925925926
3 0.184375 0.8180555555555555 0.08020833333333334 0.3101851851851852
3 0.9158854166666667 0.7287037037037037 0.07239583333333334 0.1925925925925926
3 0.08619791666666667 0.3800925925925926 0.06197916666666667 0.30833333333333335
3 0.940625 0.3453703703703704 0.065625 0.3296296296296296
4 0.11588541666666667 0.8291666666666667 0.05677083333333333 0.24537037037037038
5 0.04375 0.8268518518518518 0.0875 0.19814814814814816