5 0.06484375 0.8481481481481481 0.09427083333333333 0.19814814814814816
4 0.12708333333333333 0.8453703703703703 0.065625 0.2222222222222222
2 0.7869791666666667 0.7944444444444444 0.096875 0.3574074074074074
2 0.2682291666666667 0.8398148148148148 0.0875 0.32037037037037036
2 0.82734375 0.37546296296296294 0.09427083333333333 0.33240740740740743
1 0.68515625 0.8143518518518519 0.10989583333333333 0.2935185185185185
1 0.36484375 0.8375 0.10364583333333334 0.2916666666666667
1 0.275 0.42453703703703705 0.11145833333333334 0.2861111111111111
1 0.7265625 0.3851851851851852 0.10729166666666666 0.3074074074074074
3 0.8677083333333333 0.7787037037037037 0.08333333333333333 0.29814814814814816
3 0.18619791666666666 0.8481481481481481 0.0765625 0.2740740740740741
3 0.9026041666666667 0.3875 0.05625 0.28425925925925927
3 0.10026041666666667 0.4828703703703704 0.0578125 0.24537037037037038
0 0.46901041666666665 0.8180555555555555 0.1046875 0.2675925925925926
0 0.57578125 0.8157407407407408 0.10885416666666667 0.26666666666666666
0 0.4158854166666667 0.43425925925925923 0.16822916666666668 0.3055555555555556
0 0.5856770833333333 0.4101851851851852 0.17135416666666667 0.32407407407407407