0 0.4609375 0.6300925925925925 0.096875 0.1527777777777778
0 0.5580729166666667 0.6347222222222222 0.0953125 0.1527777777777778
0 0.41770833333333335 0.39814814814814814 0.171875 0.3148148148148148
0 0.5916666666666667 0.39351851851851855 0.17604166666666668 0.3296296296296296
1 0.6661458333333333 0.6273148148148148 0.115625 0.225
1 0.7395833333333334 0.37083333333333335 0.11666666666666667 0.3175925925925926
1 0.284375 0.3814814814814815 0.09270833333333334 0.3055555555555556
2 0.7825520833333334 0.5986111111111111 0.1140625 0.3490740740740741
2 0.85 0.36712962962962964 0.10208333333333333 0.36203703703703705
2 0.19583333333333333 0.40046296296296297 0.084375 0.3527777777777778
3 0.8763020833333334 0.6486111111111111 0.08177083333333333 0.20092592592592592
3 0.9341145833333333 0.3907407407407407 0.06822916666666666 0.3055555555555556
4 0.9481770833333333 0.6356481481481482 0.058854166666666666 0.1787037037037037