5 0.05390625 0.6990740740740741 0.0671875 0.1388888888888889
4 0.11640625 0.7083333333333334 0.044270833333333336 0.1425925925925926
4 0.928125 0.6657407407407407 0.05625 0.1814814814814815
3 0.11119791666666666 0.5018518518518519 0.05260416666666667 0.27037037037037037
3 0.17135416666666667 0.7333333333333333 0.065625 0.1648148148148148
3 0.9114583333333334 0.4361111111111111 0.06041666666666667 0.2722222222222222
3 0.8596354166666667 0.662962962962963 0.07760416666666667 0.22962962962962963
2 0.8299479166666667 0.4162037037037037 0.09947916666666666 0.33611111111111114
2 0.18098958333333334 0.4912037037037037 0.08489583333333334 0.3194444444444444
2 0.25416666666666665 0.737037037037037 0.096875 0.26296296296296295
2 0.7736979166666667 0.6472222222222223 0.09427083333333333 0.34629629629629627
1 0.27578125 0.4685185185185185 0.1046875 0.2796296296296296
1 0.7213541666666666 0.43657407407407406 0.1125 0.30092592592592593
1 0.3533854166666667 0.7023148148148148 0.09635416666666667 0.20833333333333334
1 0.6661458333333333 0.6796296296296296 0.12083333333333333 0.22407407407407406
0 0.4119791666666667 0.4828703703703704 0.16770833333333332 0.30833333333333335
0 0.5809895833333333 0.4675925925925926 0.16510416666666666 0.3296296296296296
0 0.45260416666666664 0.7046296296296296 0.10208333333333333 0.14074074074074075
0 0.5567708333333333 0.7060185185185185 0.103125 0.1527777777777778