0 0.25885416666666666 0.36712962962962964 0.10625 0.2953703703703704
0 0.32916666666666666 0.6282407407407408 0.096875 0.24537037037037038
0 0.6528645833333333 0.6273148148148148 0.11510416666666666 0.23425925925925925
0 0.7153645833333333 0.36342592592592593 0.11927083333333334 0.32685185185185184
1 0.4359375 0.6310185185185185 0.09791666666666667 0.15462962962962962
1 0.5419270833333333 0.6486111111111111 0.10885416666666667 0.17685185185185184
1 0.5653645833333333 0.3768518518518518 0.17447916666666666 0.37222222222222223
1 0.39296875 0.3851851851851852 0.16510416666666666 0.337037037037037
2 0.2328125 0.6476851851851851 0.10208333333333333 0.2935185185185185
2 0.16276041666666666 0.3912037037037037 0.07552083333333333 0.33425925925925926
2 0.7703125 0.6282407407407408 0.12708333333333333 0.3416666666666667
2 0.8348958333333333 0.36712962962962964 0.11145833333333334 0.35833333333333334
3 0.10104166666666667 0.4115740740740741 0.042708333333333334 0.28425925925925927
3 0.14947916666666666 0.6583333333333333 0.059375 0.19074074074074074
3 0.8677083333333333 0.6546296296296297 0.08333333333333333 0.2222222222222222
3 0.92421875 0.39490740740740743 0.0671875 0.2935185185185185