0 0.56171875 0.6342592592592593 0.09947916666666666 0.1814814814814815
0 0.45703125 0.6319444444444444 0.1046875 0.17685185185185184
0 0.5841145833333333 0.38472222222222224 0.17447916666666666 0.3175925925925926
0 0.41510416666666666 0.3814814814814815 0.16666666666666666 0.32407407407407407
1 0.35625 0.6180555555555556 0.10208333333333333 0.24351851851851852
1 0.6697916666666667 0.6199074074074075 0.11666666666666667 0.2101851851851852
1 0.7307291666666667 0.3662037037037037 0.115625 0.30277777777777776
1 0.28098958333333335 0.35509259259259257 0.09947916666666666 0.3101851851851852
2 0.259375 0.6152777777777778 0.096875 0.2675925925925926
2 0.78359375 0.5995370370370371 0.1140625 0.36018518518518516
2 0.8395833333333333 0.36944444444444446 0.10208333333333333 0.34444444444444444
2 0.18880208333333334 0.3912037037037037 0.08177083333333333 0.3435185185185185
3 0.875 0.6370370370370371 0.06875 0.19074074074074074
3 0.9260416666666667 0.3837962962962963 0.07395833333333333 0.2916666666666667
4 0.9455729166666667 0.6212962962962963 0.06197916666666667 0.17407407407407408