0 0.565625 0.6324074074074074 0.096875 0.1574074074074074
0 0.421875 0.39490740740740743 0.15833333333333333 0.3175925925925926
0 0.5890625 0.39351851851851855 0.17291666666666666 0.32037037037037036
1 0.6770833333333334 0.6189814814814815 0.12083333333333333 0.2175925925925926
1 0.2890625 0.3731481481481482 0.10729166666666666 0.29814814814814816
1 0.7346354166666667 0.36574074074074076 0.11822916666666666 0.3074074074074074
2 0.7903645833333334 0.6037037037037037 0.10364583333333334 0.37222222222222223
2 0.19765625 0.40925925925925927 0.07552083333333333 0.35555555555555557
2 0.8481770833333333 0.36342592592592593 0.1140625 0.3509259259259259
3 0.8796875 0.6430555555555556 0.075 0.20277777777777778
3 0.9385416666666667 0.40046296296296297 0.06979166666666667 0.2861111111111111
4 0.9481770833333333 0.6365740740740741 0.06197916666666667 0.18611111111111112