0 0.46822916666666664 0.8166666666666667 0.103125 0.26481481481481484
0 0.575 0.8148148148148148 0.11041666666666666 0.26481481481481484
0 0.41380208333333335 0.42685185185185187 0.16927083333333334 0.3055555555555556
0 0.5809895833333333 0.4125 0.16822916666666668 0.3194444444444444
1 0.6856770833333333 0.8083333333333333 0.10885416666666667 0.2814814814814815
1 0.36484375 0.8375 0.0984375 0.2916666666666667
1 0.27291666666666664 0.4148148148148148 0.1125 0.2722222222222222
1 0.72109375 0.37546296296296294 0.11822916666666666 0.30277777777777776
2 0.7885416666666667 0.7944444444444444 0.096875 0.3574074074074074
2 0.2674479166666667 0.8412037037037037 0.09635416666666667 0.3175925925925926
2 0.8260416666666667 0.3648148148148148 0.08854166666666667 0.3296296296296296
3 0.8651041666666667 0.7726851851851851 0.08333333333333333 0.30092592592592593
3 0.18697916666666667 0.8375 0.08020833333333334 0.262037037037037
3 0.89921875 0.37546296296296294 0.0578125 0.27870370370370373
4 0.12395833333333334 0.8435185185185186 0.06979166666666667 0.2222222222222222
5 0.058854166666666666 0.8384259259259259 0.084375 0.18425925925925926