0 0.46015625 0.6236111111111111 0.10364583333333334 0.15462962962962962
0 0.5643229166666667 0.6310185185185185 0.1046875 0.15092592592592594
0 0.5869791666666667 0.3912037037037037 0.16666666666666666 0.325
0 0.4205729166666667 0.38472222222222224 0.16614583333333333 0.3175925925925926
1 0.3606770833333333 0.6212962962962963 0.0953125 0.2462962962962963
1 0.6721354166666667 0.6263888888888889 0.10885416666666667 0.20277777777777778
1 0.28151041666666665 0.36944444444444446 0.10885416666666667 0.2814814814814815
1 0.7333333333333333 0.37083333333333335 0.115625 0.30277777777777776
2 0.7830729166666667 0.6083333333333333 0.1078125 0.34814814814814815
2 0.2635416666666667 0.6287037037037037 0.09895833333333333 0.28888888888888886
2 0.18880208333333334 0.39675925925925926 0.0765625 0.3416666666666667
2 0.8421875 0.3587962962962963 0.096875 0.36018518518518516
3 0.8763020833333334 0.6356481481481482 0.08177083333333333 0.19722222222222222
3 0.9302083333333333 0.37546296296296294 0.07916666666666666 0.30277777777777776
4 0.946875 0.6226851851851852 0.06145833333333333 0.18611111111111112