0 0.68359375 0.6370370370370371 0.11822916666666666 0.2388888888888889
0 0.7541666666666667 0.3587962962962963 0.11979166666666667 0.3416666666666667
1 0.565625 0.6513888888888889 0.1125 0.19537037037037036
1 0.44869791666666664 0.6282407407407408 0.09947916666666666 0.1787037037037037
1 0.41510416666666666 0.3648148148148148 0.16666666666666666 0.3388888888888889
1 0.59453125 0.37222222222222223 0.1890625 0.362962962962963
2 0.7989583333333333 0.6166666666666667 0.10208333333333333 0.412962962962963
2 0.8716145833333333 0.36712962962962964 0.11302083333333333 0.3731481481481482
3 0.8955729166666667 0.6611111111111111 0.0859375 0.21481481481481482
3 0.9645833333333333 0.3837962962962963 0.07083333333333333 0.3194444444444444
4 0.9692708333333333 0.65 0.06145833333333333 0.21296296296296297