5 0.053385416666666664 0.8203703703703704 0.0734375 0.19074074074074074
4 0.12239583333333333 0.8217592592592593 0.06145833333333333 0.2212962962962963
3 0.17890625 0.8208333333333333 0.06927083333333334 0.2675925925925926
3 0.8614583333333333 0.7546296296296297 0.07916666666666666 0.28888888888888886
3 0.09921875 0.4652777777777778 0.06302083333333333 0.25277777777777777
3 0.9013020833333333 0.37546296296296294 0.058854166666666666 0.26944444444444443
2 0.2635416666666667 0.8314814814814815 0.09375 0.337037037037037
2 0.7776041666666667 0.7787037037037037 0.09895833333333333 0.3611111111111111
2 0.82265625 0.3578703703703704 0.0984375 0.33425925925925926
1 0.3614583333333333 0.8171296296296297 0.09895833333333333 0.2935185185185185
1 0.6776041666666667 0.7944444444444444 0.103125 0.2814814814814815
1 0.7171875 0.3731481481481482 0.11041666666666666 0.29814814814814816
0 0.4627604166666667 0.7953703703703704 0.10572916666666667 0.25555555555555554
0 0.5708333333333333 0.7916666666666666 0.10729166666666666 0.2574074074074074
0 0.41171875 0.4162037037037037 0.16510416666666666 0.30833333333333335
0 0.5776041666666667 0.40046296296296297 0.16354166666666667 0.33425925925925926