0 0.3333333333333333 0.625 0.09895833333333333 0.24814814814814815
0 0.65546875 0.6259259259259259 0.11510416666666666 0.24074074074074073
0 0.25625 0.36574074074074076 0.11145833333333334 0.3074074074074074
0 0.7205729166666667 0.3685185185185185 0.12239583333333333 0.3314814814814815
1 0.5421875 0.6393518518518518 0.10625 0.16203703703703703
1 0.43723958333333335 0.6333333333333333 0.10364583333333334 0.1648148148148148
1 0.5703125 0.38055555555555554 0.17291666666666666 0.35555555555555557
1 0.39557291666666666 0.3763888888888889 0.1703125 0.3435185185185185
2 0.23411458333333332 0.637962962962963 0.1046875 0.3037037037037037
2 0.7682291666666666 0.6152777777777778 0.115625 0.3824074074074074
2 0.16067708333333333 0.3958333333333333 0.0765625 0.3435185185185185
2 0.8359375 0.3763888888888889 0.103125 0.3435185185185185
3 0.15026041666666667 0.6546296296296297 0.0578125 0.1648148148148148
3 0.8635416666666667 0.663425925925926 0.08020833333333334 0.21944444444444444
3 0.09921875 0.4050925925925926 0.044270833333333336 0.2861111111111111
3 0.9268229166666667 0.38287037037037036 0.07239583333333334 0.32685185185185184