0 0.49296875 0.7893518518518519 0.11302083333333333 0.3194444444444444
0 0.6072916666666667 0.7893518518518519 0.115625 0.3194444444444444
0 0.41302083333333334 0.3143518518518518 0.18645833333333334 0.3435185185185185
0 0.5955729166666667 0.3143518518518518 0.17864583333333334 0.3435185185185185
1 0.3802083333333333 0.7953703703703704 0.1125 0.3314814814814815
1 0.2640625 0.3060185185185185 0.11145833333333334 0.32685185185185184
1 0.7455729166666667 0.30416666666666664 0.11822916666666666 0.32685185185185184
2 0.2734375 0.8134259259259259 0.09791666666666667 0.3731481481481482
2 0.15807291666666667 0.3416666666666667 0.0953125 0.35555555555555557
2 0.8533854166666667 0.31574074074074077 0.10052083333333334 0.35555555555555557
3 0.18489583333333334 0.8050925925925926 0.07916666666666666 0.29907407407407405
3 0.91796875 0.7643518518518518 0.0734375 0.2935185185185185
3 0.9375 0.3435185185185185 0.06979166666666667 0.3148148148148148
3 0.08229166666666667 0.3726851851851852 0.059375 0.2935185185185185
4 0.11510416666666666 0.8194444444444444 0.05520833333333333 0.26481481481481484
5 0.04244791666666667 0.8208333333333333 0.08489583333333334 0.2101851851851852