0 0.4635416666666667 0.7958333333333333 0.10208333333333333 0.2601851851851852
0 0.5700520833333333 0.7921296296296296 0.10885416666666667 0.2675925925925926
0 0.40911458333333334 0.4101851851851852 0.16822916666666668 0.3055555555555556
0 0.5755208333333334 0.3990740740740741 0.1625 0.31296296296296294
1 0.678125 0.7819444444444444 0.10729166666666666 0.27685185185185185
1 0.36015625 0.8180555555555555 0.09947916666666666 0.2916666666666667
1 0.7151041666666667 0.36574074074074076 0.11666666666666667 0.29814814814814816
2 0.7809895833333333 0.7666666666666667 0.0953125 0.3648148148148148
2 0.2635416666666667 0.8277777777777777 0.09375 0.34444444444444444
2 0.82109375 0.35509259259259257 0.0953125 0.33425925925925926
3 0.8580729166666666 0.7537037037037037 0.08072916666666667 0.2962962962962963
3 0.18020833333333333 0.8162037037037037 0.075 0.27685185185185185
3 0.89765625 0.37175925925925923 0.0578125 0.2675925925925926
3 0.09505208333333333 0.45787037037037037 0.0578125 0.2675925925925926
4 0.12057291666666667 0.8134259259259259 0.06302083333333333 0.21388888888888888
5 0.059375 0.8097222222222222 0.08854166666666667 0.18425925925925926