0 0.5979166666666667 0.37546296296296294 0.18541666666666667 0.36574074074074076
0 0.41119791666666666 0.37453703703703706 0.1796875 0.35833333333333334
0 0.4515625 0.6439814814814815 0.115625 0.1712962962962963
0 0.5682291666666667 0.6537037037037037 0.10729166666666666 0.1814814814814815
1 0.75546875 0.36157407407407405 0.12760416666666666 0.3509259259259259
1 0.6817708333333333 0.6319444444444444 0.11666666666666667 0.25277777777777777
2 0.8005208333333333 0.6310185185185185 0.115625 0.375
2 0.88125 0.3814814814814815 0.12083333333333333 0.362962962962963
3 0.9013020833333333 0.6680555555555555 0.09114583333333333 0.2101851851851852
3 0.9692708333333333 0.387037037037037 0.05520833333333333 0.35555555555555557
4 0.9734375 0.6726851851851852 0.053125 0.20462962962962963