0 0.56015625 0.6273148148148148 0.09635416666666667 0.1675925925925926
0 0.4200520833333333 0.37546296296296294 0.16510416666666666 0.33611111111111114
0 0.5890625 0.37407407407407406 0.17291666666666666 0.3388888888888889
1 0.6682291666666667 0.5939814814814814 0.10625 0.22870370370370371
1 0.7333333333333333 0.3587962962962963 0.115625 0.30277777777777776
1 0.28619791666666666 0.3648148148148148 0.09947916666666666 0.3
2 0.7791666666666667 0.5787037037037037 0.115625 0.37962962962962965
2 0.8455729166666667 0.36944444444444446 0.10364583333333334 0.34814814814814815
2 0.19713541666666667 0.38842592592592595 0.08177083333333333 0.3435185185185185
3 0.8755208333333333 0.637962962962963 0.08333333333333333 0.18333333333333332
3 0.93203125 0.36944444444444446 0.0671875 0.3055555555555556
4 0.9481770833333333 0.6189814814814815 0.05677083333333333 0.1787037037037037