0 0.5716145833333334 0.6347222222222222 0.10572916666666667 0.1527777777777778
0 0.4708333333333333 0.6356481481481482 0.08958333333333333 0.15462962962962962
0 0.43046875 0.3958333333333333 0.1703125 0.31574074074074077
0 0.5997395833333333 0.39490740740740743 0.16510416666666666 0.32685185185185184
1 0.3763020833333333 0.6370370370370371 0.09635416666666667 0.16666666666666666
1 0.68359375 0.6310185185185185 0.10989583333333333 0.21203703703703702
1 0.7463541666666667 0.37407407407407406 0.13020833333333334 0.2962962962962963
1 0.29375 0.3763888888888889 0.10625 0.2861111111111111
2 0.7950520833333333 0.6069444444444444 0.10989583333333333 0.3509259259259259
2 0.19973958333333333 0.39814814814814814 0.08489583333333334 0.3388888888888889
2 0.8627604166666667 0.3763888888888889 0.10052083333333334 0.33425925925925926
3 0.890625 0.6356481481481482 0.08333333333333333 0.21203703703703702
4 0.9575520833333333 0.637962962962963 0.05364583333333333 0.1925925925925926