0 0.4708333333333333 0.6333333333333333 0.09791666666666667 0.1648148148148148
0 0.5721354166666667 0.6388888888888888 0.1046875 0.1574074074074074
0 0.42942708333333335 0.39351851851851855 0.16510416666666666 0.32037037037037036
0 0.5979166666666667 0.3851851851851852 0.16666666666666666 0.34074074074074073
1 0.36875 0.6356481481481482 0.09791666666666667 0.1638888888888889
1 0.6848958333333334 0.6273148148148148 0.115625 0.18611111111111112
1 0.29322916666666665 0.3763888888888889 0.10208333333333333 0.2861111111111111
1 0.7427083333333333 0.37222222222222223 0.12083333333333333 0.3148148148148148
2 0.7989583333333333 0.5976851851851852 0.10729166666666666 0.3509259259259259
2 0.85625 0.36712962962962964 0.103125 0.325
2 0.20364583333333333 0.4041666666666667 0.07916666666666666 0.33611111111111114
3 0.88984375 0.6402777777777777 0.0765625 0.20277777777777778
3 0.9427083333333334 0.39444444444444443 0.06458333333333334 0.29814814814814816
4 0.95703125 0.6342592592592593 0.0578125 0.1814814814814815