5 0.059375 0.8453703703703703 0.08854166666666667 0.18888888888888888
4 0.12708333333333333 0.8481481481481481 0.06041666666666667 0.2222222222222222
2 0.7885416666666667 0.7981481481481482 0.10208333333333333 0.35555555555555557
2 0.27239583333333334 0.8421296296296297 0.09270833333333334 0.31574074074074077
2 0.8260416666666667 0.36944444444444446 0.096875 0.34814814814814815
3 0.8661458333333333 0.7726851851851851 0.075 0.2861111111111111
3 0.18828125 0.8407407407407408 0.07552083333333333 0.26481481481481484
3 0.90390625 0.39305555555555555 0.058854166666666666 0.2675925925925926
3 0.10572916666666667 0.48148148148148145 0.06041666666666667 0.24814814814814815
1 0.36822916666666666 0.837037037037037 0.09375 0.2962962962962963
1 0.6861979166666666 0.8171296296296297 0.1046875 0.2935185185185185
1 0.27760416666666665 0.425462962962963 0.11145833333333334 0.28425925925925927
1 0.7231770833333333 0.37916666666666665 0.10885416666666667 0.3101851851851852
0 0.47109375 0.8217592592592593 0.10885416666666667 0.26944444444444443
0 0.57890625 0.8166666666666667 0.1078125 0.26481481481481484
0 0.41796875 0.4375 0.16927083333333334 0.30277777777777776
0 0.5856770833333333 0.41574074074074074 0.1640625 0.32222222222222224