5 0.057291666666666664 0.8421296296296297 0.084375 0.19537037037037036
4 0.12109375 0.8351851851851851 0.06197916666666667 0.20555555555555555
2 0.78359375 0.7916666666666666 0.0953125 0.362962962962963
2 0.2643229166666667 0.8384259259259259 0.0953125 0.3175925925925926
2 0.8247395833333333 0.3648148148148148 0.09427083333333333 0.34814814814814815
3 0.8651041666666667 0.7717592592592593 0.08333333333333333 0.2935185185185185
3 0.18020833333333333 0.8347222222222223 0.078125 0.2675925925925926
3 0.9005208333333333 0.3800925925925926 0.057291666666666664 0.26944444444444443
3 0.09817708333333333 0.47685185185185186 0.0484375 0.26296296296296295
1 0.3640625 0.8337962962962963 0.10208333333333333 0.2935185185185185
1 0.6825520833333333 0.8134259259259259 0.1046875 0.2916666666666667
1 0.275 0.4222222222222222 0.10625 0.2814814814814815
1 0.7208333333333333 0.3824074074074074 0.11145833333333334 0.31296296296296294
0 0.4669270833333333 0.8134259259259259 0.10364583333333334 0.262037037037037
0 0.5744791666666667 0.812037037037037 0.11145833333333334 0.26481481481481484
0 0.41328125 0.43148148148148147 0.1703125 0.3055555555555556
0 0.5817708333333333 0.41712962962962963 0.16354166666666667 0.3287037037037037