5 0.08359375 0.8481481481481481 0.09427083333333333 0.17962962962962964
4 0.14791666666666667 0.8513888888888889 0.06145833333333333 0.20092592592592592
4 0.07135416666666666 0.4981481481481482 0.0375 0.21481481481481482
3 0.21302083333333333 0.8541666666666666 0.084375 0.2916666666666667
3 0.8877604166666667 0.7689814814814815 0.0859375 0.28425925925925927
3 0.92265625 0.3875 0.058854166666666666 0.275
3 0.12109375 0.4828703703703704 0.06197916666666667 0.25092592592592594
2 0.29296875 0.850462962962963 0.09427083333333333 0.29907407407407405
2 0.8111979166666666 0.8013888888888889 0.09947916666666666 0.3435185185185185
2 0.8473958333333333 0.37546296296296294 0.09166666666666666 0.33240740740740743
1 0.3924479166666667 0.8555555555555555 0.09947916666666666 0.28888888888888886
1 0.7098958333333333 0.8240740740740741 0.103125 0.2796296296296296
1 0.29765625 0.42685185185185187 0.10885416666666667 0.2722222222222222
1 0.7440104166666667 0.3888888888888889 0.10989583333333333 0.3055555555555556
0 0.49583333333333335 0.8337962962962963 0.10729166666666666 0.2601851851851852
0 0.6026041666666667 0.8337962962962963 0.10625 0.26944444444444443
0 0.43515625 0.43425925925925923 0.16927083333333334 0.3055555555555556
0 0.6026041666666667 0.425462962962963 0.16770833333333332 0.3175925925925926