0 0.4635416666666667 0.6226851851851852 0.10208333333333333 0.1675925925925926
0 0.5622395833333333 0.6273148148148148 0.0953125 0.1675925925925926
0 0.42265625 0.3851851851851852 0.16510416666666666 0.31296296296296294
0 0.59296875 0.38472222222222224 0.1734375 0.3175925925925926
1 0.6651041666666667 0.6069444444444444 0.10729166666666666 0.25092592592592594
1 0.2864583333333333 0.3597222222222222 0.10208333333333333 0.30092592592592593
1 0.7388020833333333 0.3638888888888889 0.11510416666666666 0.32222222222222224
2 0.7778645833333333 0.586574074074074 0.11822916666666666 0.3824074074074074
2 0.85 0.3625 0.10729166666666666 0.3527777777777778
2 0.19635416666666666 0.39814814814814814 0.078125 0.34814814814814815
3 0.8770833333333333 0.637962962962963 0.08020833333333334 0.19814814814814816
3 0.9372395833333333 0.37824074074074077 0.0671875 0.3175925925925926
4 0.95 0.6310185185185185 0.065625 0.1787037037037037