0 0.46770833333333334 0.7666666666666667 0.10208333333333333 0.28888888888888886
0 0.5734375 0.7717592592592593 0.10729166666666666 0.275
0 0.4205729166666667 0.3814814814814815 0.1609375 0.3148148148148148
0 0.5895833333333333 0.3888888888888889 0.171875 0.3388888888888889
1 0.36302083333333335 0.7787037037037037 0.10208333333333333 0.31296296296296294
1 0.6809895833333334 0.7712962962962963 0.1078125 0.29814814814814816
1 0.7333333333333333 0.36018518518518516 0.115625 0.3148148148148148
1 0.28489583333333335 0.36944444444444446 0.11041666666666666 0.29074074074074074
2 0.790625 0.7824074074074074 0.11145833333333334 0.37777777777777777
2 0.2682291666666667 0.7930555555555555 0.084375 0.36574074074074076
2 0.8447916666666667 0.3685185185185185 0.10729166666666666 0.35555555555555557
2 0.19453125 0.3907407407407407 0.0765625 0.3296296296296296
3 0.19427083333333334 0.7703703703703704 0.065625 0.2814814814814815
3 0.8796875 0.7490740740740741 0.06458333333333334 0.2962962962962963
3 0.13177083333333334 0.41712962962962963 0.04583333333333333 0.2675925925925926
3 0.9333333333333333 0.399537037037037 0.06979166666666667 0.2935185185185185
4 0.13854166666666667 0.7861111111111111 0.042708333333333334 0.2462962962962963
4 0.9453125 0.7300925925925926 0.06458333333333334 0.2101851851851852
5 0.08020833333333334 0.7824074074074074 0.06875 0.2