0 0.5848958333333333 0.38842592592592595 0.18125 0.3675925925925926
0 0.4005208333333333 0.38472222222222224 0.18541666666666667 0.3509259259259259
0 0.4434895833333333 0.6638888888888889 0.10989583333333333 0.19814814814814816
0 0.5494791666666666 0.6712962962962963 0.10208333333333333 0.19814814814814816
1 0.7388020833333333 0.37546296296296294 0.1265625 0.3453703703703704
1 0.66484375 0.6513888888888889 0.1234375 0.24351851851851852
1 0.3346354166666667 0.662962962962963 0.0859375 0.19074074074074074
2 0.8604166666666667 0.3768518518518518 0.11666666666666667 0.37222222222222223
2 0.7856770833333333 0.649074074074074 0.11302083333333333 0.37222222222222223
3 0.95859375 0.3958333333333333 0.0828125 0.325
3 0.8885416666666667 0.6736111111111112 0.09270833333333334 0.22685185185185186
4 0.9666666666666667 0.6657407407407407 0.06666666666666667 0.20555555555555555