5 0.06145833333333333 0.825462962962963 0.0875 0.1712962962962963
4 0.12578125 0.825462962962963 0.0578125 0.2101851851851852
3 0.18359375 0.8231481481481482 0.07135416666666666 0.26296296296296295
3 0.86484375 0.7611111111111111 0.07760416666666667 0.29074074074074074
3 0.10104166666666667 0.4722222222222222 0.051041666666666666 0.26666666666666666
3 0.90390625 0.3763888888888889 0.05364583333333333 0.2675925925925926
2 0.26536458333333335 0.8337962962962963 0.0953125 0.33240740740740743
2 0.7848958333333333 0.7800925925925926 0.09791666666666667 0.35833333333333334
2 0.17630208333333333 0.45046296296296295 0.09635416666666667 0.3194444444444444
2 0.8286458333333333 0.3648148148148148 0.096875 0.3296296296296296
1 0.3653645833333333 0.825462962962963 0.09947916666666666 0.2861111111111111
1 0.6838541666666667 0.7958333333333333 0.10729166666666666 0.28425925925925927
1 0.7239583333333334 0.37546296296296294 0.11041666666666666 0.2935185185185185
0 0.46822916666666664 0.8050925925925926 0.10833333333333334 0.2601851851851852
0 0.5734375 0.8013888888888889 0.10208333333333333 0.262037037037037
0 0.5830729166666667 0.40879629629629627 0.16927083333333334 0.31203703703703706
0 0.41510416666666666 0.4199074074074074 0.16666666666666666 0.3101851851851852