0 0.6890625 0.6393518518518518 0.10729166666666666 0.21944444444444444
0 0.7588541666666667 0.3685185185185185 0.12916666666666668 0.3314814814814815
1 0.5744791666666667 0.6537037037037037 0.11145833333333334 0.1814814814814815
1 0.45807291666666666 0.6402777777777777 0.10989583333333333 0.18425925925925926
1 0.4158854166666667 0.37777777777777777 0.16822916666666668 0.34629629629629627
1 0.5997395833333333 0.3768518518518518 0.18697916666666667 0.362962962962963
2 0.80234375 0.6305555555555555 0.10885416666666667 0.37962962962962965
2 0.88359375 0.37407407407407406 0.10989583333333333 0.362962962962963
3 0.9026041666666667 0.6694444444444444 0.08854166666666667 0.23148148148148148
3 0.9700520833333334 0.3921296296296296 0.059895833333333336 0.3175925925925926
4 0.97265625 0.6606481481481481 0.0546875 0.20462962962962963