0 0.49114583333333334 0.8064814814814815 0.11666666666666667 0.3148148148148148
0 0.5932291666666667 0.32546296296296295 0.18125 0.3509259259259259
0 0.41380208333333335 0.324537037037037 0.1796875 0.3435185185185185
1 0.375 0.8027777777777778 0.115625 0.32222222222222224
1 0.71796875 0.8004629629629629 0.10572916666666667 0.33611111111111114
1 0.2635416666666667 0.3263888888888889 0.115625 0.2953703703703704
1 0.7421875 0.30972222222222223 0.11666666666666667 0.325
2 0.26875 0.8171296296296297 0.09375 0.36574074074074076
2 0.8239583333333333 0.8004629629629629 0.09791666666666667 0.3990740740740741
2 0.15885416666666666 0.35648148148148145 0.09375 0.35555555555555557
2 0.8528645833333334 0.3194444444444444 0.1015625 0.362962962962963
3 0.17838541666666666 0.8217592592592593 0.08177083333333333 0.29907407407407405
3 0.9119791666666667 0.7324074074074074 0.075 0.20555555555555555
3 0.07942708333333333 0.3837962962962963 0.058854166666666666 0.30092592592592593
3 0.9354166666666667 0.33611111111111114 0.06041666666666667 0.3388888888888889
4 0.10911458333333333 0.8263888888888888 0.058854166666666666 0.2361111111111111
5 0.03984375 0.8393518518518519 0.0796875 0.2101851851851852