5 0.07552083333333333 0.8375 0.08854166666666667 0.17685185185185184
4 0.14375 0.8430555555555556 0.06979166666666667 0.21203703703703702
4 0.06145833333333333 0.4777777777777778 0.036458333333333336 0.23148148148148148
3 0.20572916666666666 0.8333333333333334 0.08020833333333334 0.26481481481481484
3 0.8815104166666666 0.7523148148148148 0.0765625 0.26944444444444443
3 0.91328125 0.37083333333333335 0.05677083333333333 0.275
3 0.10911458333333333 0.4638888888888889 0.058854166666666666 0.25
2 0.28619791666666666 0.8398148148148148 0.09635416666666667 0.32037037037037036
2 0.8026041666666667 0.7833333333333333 0.09270833333333334 0.3314814814814815
2 0.8359375 0.36018518518518516 0.09270833333333334 0.3388888888888889
1 0.38567708333333334 0.8375 0.1015625 0.30092592592592593
1 0.7010416666666667 0.8134259259259259 0.11041666666666666 0.2916666666666667
1 0.28411458333333334 0.4074074074074074 0.10885416666666667 0.2814814814814815
1 0.7333333333333333 0.36712962962962964 0.11041666666666666 0.30462962962962964
0 0.4890625 0.8180555555555555 0.10729166666666666 0.2675925925925926
0 0.5953125 0.8185185185185185 0.10208333333333333 0.2722222222222222
0 0.4236979166666667 0.4162037037037037 0.16510416666666666 0.30833333333333335
0 0.5921875 0.3990740740740741 0.171875 0.32222222222222224