4 0.9174479166666667 0.6439814814814815 0.05364583333333333 0.19537037037037036
4 0.1078125 0.6930555555555555 0.04791666666666667 0.15092592592592594
3 0.85078125 0.6513888888888889 0.0765625 0.23425925925925925
3 0.16614583333333333 0.7129629629629629 0.06354166666666666 0.1574074074074074
3 0.04869791666666667 0.6893518518518519 0.0671875 0.14722222222222223
3 0.9065104166666667 0.41712962962962963 0.0640625 0.2824074074074074
3 0.10442708333333334 0.4888888888888889 0.05260416666666667 0.26296296296296295
2 0.76640625 0.6310185185185185 0.0953125 0.3509259259259259
2 0.24609375 0.712037037037037 0.09114583333333333 0.27037037037037037
2 0.8221354166666667 0.4041666666666667 0.1046875 0.32685185185185184
2 0.17369791666666667 0.48148148148148145 0.0859375 0.3055555555555556
1 0.66015625 0.6712962962962963 0.1140625 0.19814814814814816
1 0.34609375 0.6842592592592592 0.10364583333333334 0.22407407407407406
1 0.2708333333333333 0.44351851851851853 0.10625 0.2722222222222222
1 0.71328125 0.4185185185185185 0.11302083333333333 0.29814814814814816
0 0.4473958333333333 0.6819444444444445 0.10208333333333333 0.14351851851851852
0 0.55078125 0.6810185185185185 0.1046875 0.15092592592592594
0 0.40703125 0.46111111111111114 0.1640625 0.29814814814814816
0 0.5729166666666666 0.45046296296296295 0.16770833333333332 0.3101851851851852