0 0.4627604166666667 0.6402777777777777 0.10052083333333334 0.16944444444444445
0 0.5669270833333333 0.6472222222222223 0.1046875 0.17407407407407408
0 0.4205729166666667 0.39814814814814814 0.1640625 0.32037037037037036
0 0.5903645833333333 0.4013888888888889 0.1734375 0.32685185185185184
1 0.6716145833333333 0.6296296296296297 0.09947916666666666 0.22962962962962963
1 0.36354166666666665 0.6199074074074075 0.103125 0.2101851851851852
1 0.7359375 0.37083333333333335 0.115625 0.3175925925925926
1 0.28411458333333334 0.3763888888888889 0.10885416666666667 0.2861111111111111
2 0.78046875 0.6023148148148149 0.11302083333333333 0.36944444444444446
2 0.8486979166666667 0.37175925925925923 0.1046875 0.3527777777777778
2 0.19010416666666666 0.40185185185185185 0.07916666666666666 0.337037037037037
3 0.8776041666666666 0.6546296296296297 0.07916666666666666 0.2074074074074074
3 0.9346354166666667 0.3861111111111111 0.0671875 0.3055555555555556
4 0.9481770833333333 0.6356481481481482 0.06197916666666667 0.1935185185185185