5 0.050520833333333334 0.6902777777777778 0.065625 0.1361111111111111
4 0.1125 0.6962962962962963 0.046875 0.1388888888888889
4 0.921875 0.6476851851851851 0.06041666666666667 0.1787037037037037
3 0.90859375 0.42453703703703705 0.06302083333333333 0.25833333333333336
3 0.10989583333333333 0.4981481481481482 0.05520833333333333 0.26296296296296295
3 0.8546875 0.6606481481481481 0.07916666666666666 0.21944444444444444
3 0.16953125 0.7106481481481481 0.0671875 0.1675925925925926
2 0.17630208333333333 0.48009259259259257 0.07552083333333333 0.3175925925925926
2 0.82734375 0.40879629629629627 0.09947916666666666 0.32685185185185184
2 0.24921875 0.7287037037037037 0.0953125 0.2796296296296296
2 0.7723958333333333 0.638425925925926 0.08854166666666667 0.3509259259259259
1 0.2708333333333333 0.44814814814814813 0.10625 0.28703703703703703
1 0.7208333333333333 0.42314814814814816 0.11145833333333334 0.29814814814814816
1 0.34661458333333334 0.6939814814814815 0.09947916666666666 0.20092592592592592
1 0.6635416666666667 0.6726851851851852 0.12083333333333333 0.20092592592592592
0 0.4078125 0.46620370370370373 0.165625 0.30277777777777776
0 0.5755208333333334 0.4625 0.17291666666666666 0.31574074074074077
0 0.44817708333333334 0.6893518518518519 0.0953125 0.13796296296296295
0 0.5515625 0.6902777777777778 0.103125 0.14537037037037037