0 0.49166666666666664 0.7916666666666666 0.11041666666666666 0.3296296296296296
0 0.59453125 0.32037037037037036 0.17864583333333334 0.35555555555555557
0 0.41380208333333335 0.32083333333333336 0.1796875 0.3509259259259259
1 0.3807291666666667 0.7958333333333333 0.11145833333333334 0.3509259259259259
1 0.26666666666666666 0.3074074074074074 0.11666666666666667 0.32037037037037036
1 0.7442708333333333 0.300462962962963 0.12083333333333333 0.325
2 0.8260416666666667 0.8027777777777778 0.09895833333333333 0.39444444444444443
2 0.27421875 0.8027777777777778 0.1046875 0.39444444444444443
2 0.8541666666666666 0.3060185185185185 0.09895833333333333 0.375
2 0.15989583333333332 0.3421296296296296 0.10208333333333333 0.36018518518518516
3 0.18229166666666666 0.8231481481481482 0.07916666666666666 0.3537037037037037
3 0.9145833333333333 0.7189814814814814 0.075 0.20277777777777778
3 0.078125 0.37222222222222223 0.06145833333333333 0.3055555555555556
3 0.9372395833333333 0.3435185185185185 0.0671875 0.3296296296296296
4 0.1140625 0.8101851851851852 0.06041666666666667 0.25555555555555554
5 0.04244791666666667 0.8300925925925926 0.08489583333333334 0.23425925925925925