5 0.06145833333333333 0.8384259259259259 0.0875 0.1787037037037037
4 0.12838541666666667 0.8421296296296297 0.06302083333333333 0.2101851851851852
3 0.18828125 0.8449074074074074 0.08072916666666667 0.27685185185185185
3 0.865625 0.775 0.07916666666666666 0.29074074074074074
3 0.9005208333333333 0.38657407407407407 0.057291666666666664 0.27685185185185185
2 0.7890625 0.8004629629629629 0.09791666666666667 0.36574074074074076
2 0.2677083333333333 0.8398148148148148 0.08854166666666667 0.32037037037037036
2 0.8239583333333333 0.37222222222222223 0.09270833333333334 0.3296296296296296
1 0.36614583333333334 0.8407407407407408 0.10625 0.29814814814814816
1 0.68515625 0.812037037037037 0.10989583333333333 0.28888888888888886
1 0.2755208333333333 0.4222222222222222 0.1125 0.2814814814814815
1 0.7231770833333333 0.3814814814814815 0.10885416666666667 0.3
0 0.4713541666666667 0.8203703703703704 0.10208333333333333 0.2574074074074074
0 0.5763020833333333 0.8157407407407408 0.1078125 0.26666666666666666
0 0.41510416666666666 0.42407407407407405 0.16666666666666666 0.3055555555555556
0 0.58359375 0.42083333333333334 0.1703125 0.31203703703703706