5 0.08489583333333334 0.8444444444444444 0.09375 0.19074074074074074
4 0.15078125 0.8472222222222222 0.06197916666666667 0.21481481481481482
2 0.8098958333333334 0.799074074074074 0.096875 0.3537037037037037
2 0.29583333333333334 0.8444444444444444 0.09375 0.3111111111111111
2 0.8486979166666667 0.37083333333333335 0.09427083333333333 0.3416666666666667
3 0.8911458333333333 0.7689814814814815 0.07916666666666666 0.26944444444444443
3 0.21119791666666668 0.8361111111111111 0.07552083333333333 0.26481481481481484
3 0.9252604166666667 0.3814814814814815 0.058854166666666666 0.28703703703703703
3 0.12526041666666668 0.47685185185185186 0.06197916666666667 0.2574074074074074
1 0.3932291666666667 0.8453703703703703 0.09791666666666667 0.28888888888888886
1 0.7098958333333333 0.8143518518518519 0.103125 0.28425925925925927
1 0.29921875 0.42083333333333334 0.10885416666666667 0.275
1 0.746875 0.3800925925925926 0.11041666666666666 0.30833333333333335
0 0.49635416666666665 0.825462962962963 0.10625 0.25833333333333336
0 0.60390625 0.8240740740740741 0.10885416666666667 0.27037037037037037
0 0.4401041666666667 0.43148148148148147 0.16770833333333332 0.3
0 0.6072916666666667 0.41944444444444445 0.16666666666666666 0.32407407407407407