0 0.5963541666666666 0.7768518518518519 0.115625 0.32222222222222224
0 0.4822916666666667 0.7703703703703704 0.10729166666666666 0.3
0 0.5830729166666667 0.31342592592592594 0.1796875 0.3453703703703704
0 0.4044270833333333 0.30972222222222223 0.17760416666666667 0.35833333333333334
1 0.36953125 0.7833333333333333 0.11302083333333333 0.29814814814814816
1 0.7333333333333333 0.300462962962963 0.12083333333333333 0.33425925925925926
1 0.25807291666666665 0.29444444444444445 0.10989583333333333 0.34074074074074073
2 0.2643229166666667 0.8101851851851852 0.0953125 0.37962962962962965
2 0.15286458333333333 0.3337962962962963 0.09010416666666667 0.3824074074074074
2 0.84609375 0.3148148148148148 0.1046875 0.362962962962963
3 0.17682291666666666 0.8064814814814815 0.0765625 0.3148148148148148
3 0.9052083333333333 0.775 0.08333333333333333 0.3296296296296296
3 0.07630208333333334 0.37777777777777777 0.0578125 0.3074074074074074
3 0.9294270833333333 0.3337962962962963 0.058854166666666666 0.325
4 0.10651041666666666 0.8125 0.058854166666666666 0.2601851851851852
5 0.03854166666666667 0.8185185185185185 0.07708333333333334 0.22407407407407406