0 0.4515625 0.7824074074074074 0.10729166666666666 0.2722222222222222
0 0.5559895833333334 0.7870370370370371 0.1046875 0.26666666666666666
0 0.4078125 0.4041666666666667 0.165625 0.31203703703703706
0 0.575 0.40185185185185185 0.16875 0.31296296296296294
1 0.665625 0.7870370370370371 0.10625 0.2962962962962963
1 0.34869791666666666 0.7953703703703704 0.0953125 0.32222222222222224
1 0.7205729166666667 0.3814814814814815 0.12447916666666667 0.3148148148148148
1 0.275 0.3888888888888889 0.09791666666666667 0.2962962962962963
2 0.7736979166666667 0.7893518518518519 0.09947916666666666 0.3675925925925926
2 0.25338541666666664 0.799074074074074 0.08697916666666666 0.34444444444444444
2 0.83203125 0.3851851851851852 0.0953125 0.34074074074074073
2 0.18697916666666667 0.4148148148148148 0.075 0.3388888888888889
3 0.8609375 0.7726851851851851 0.08020833333333334 0.3101851851851852
3 0.17760416666666667 0.7958333333333333 0.06666666666666667 0.2935185185185185
3 0.12135416666666667 0.4217592592592593 0.051041666666666666 0.30092592592592593
3 0.91875 0.40324074074074073 0.078125 0.30092592592592593
4 0.12526041666666668 0.7953703703703704 0.04010416666666667 0.2222222222222222
4 0.9328125 0.7333333333333333 0.065625 0.17962962962962964
5 0.07291666666666667 0.7921296296296296 0.059375 0.18611111111111112