0 0.48046875 0.7916666666666666 0.1140625 0.3055555555555556
0 0.40572916666666664 0.31666666666666665 0.18020833333333333 0.3388888888888889
0 0.5856770833333333 0.31851851851851853 0.17760416666666667 0.34629629629629627
1 0.36614583333333334 0.7976851851851852 0.10625 0.33611111111111114
1 0.2559895833333333 0.3050925925925926 0.11927083333333334 0.2953703703703704
1 0.7333333333333333 0.29907407407407405 0.12083333333333333 0.3277777777777778
2 0.26015625 0.8018518518518518 0.10364583333333334 0.3962962962962963
2 0.8151041666666666 0.7981481481481482 0.10208333333333333 0.40370370370370373
2 0.14947916666666666 0.34444444444444444 0.096875 0.35
2 0.8455729166666667 0.30648148148148147 0.10052083333333334 0.37037037037037035
3 0.9013020833333333 0.7180555555555556 0.07239583333333334 0.18611111111111112
3 0.16953125 0.8078703703703703 0.07760416666666667 0.2935185185185185
3 0.07213541666666666 0.36342592592592593 0.0578125 0.3175925925925926
3 0.9255208333333333 0.337037037037037 0.06458333333333334 0.32222222222222224
4 0.10286458333333333 0.8240740740740741 0.0578125 0.2740740740740741
5 0.036458333333333336 0.8300925925925926 0.07291666666666667 0.23796296296296296