0 0.4869791666666667 0.7837962962962963 0.11145833333333334 0.30277777777777776
0 0.5997395833333333 0.7861111111111111 0.1140625 0.32222222222222224
0 0.40911458333333334 0.32037037037037036 0.17864583333333334 0.3314814814814815
0 0.5903645833333333 0.3111111111111111 0.17864583333333334 0.3611111111111111
1 0.2630208333333333 0.30972222222222223 0.11145833333333334 0.30092592592592593
1 0.7416666666666667 0.3013888888888889 0.12083333333333333 0.3453703703703704
1 0.3734375 0.8060185185185185 0.115625 0.325
2 0.15651041666666668 0.3453703703703704 0.0953125 0.34814814814814815
2 0.8510416666666667 0.3111111111111111 0.09791666666666667 0.37037037037037035
2 0.26666666666666666 0.8143518518518519 0.09270833333333334 0.36018518518518516
2 0.8208333333333333 0.8004629629629629 0.10729166666666666 0.3990740740740741
3 0.08020833333333334 0.37175925925925923 0.05520833333333333 0.2861111111111111
3 0.9315104166666667 0.34305555555555556 0.06302083333333333 0.3435185185185185
3 0.18098958333333334 0.8050925925925926 0.0765625 0.2935185185185185
3 0.91328125 0.7657407407407407 0.07552083333333333 0.3
4 0.11171875 0.8037037037037037 0.058854166666666666 0.22407407407407406
5 0.03984375 0.8171296296296297 0.0796875 0.1935185185185185