0 0.6908854166666667 0.6462962962962963 0.1140625 0.22407407407407406
0 0.759375 0.3680555555555556 0.125 0.3416666666666667
1 0.45755208333333336 0.6365740740740741 0.10885416666666667 0.18611111111111112
1 0.575 0.6462962962962963 0.11041666666666666 0.17592592592592593
1 0.6018229166666667 0.3837962962962963 0.1796875 0.3527777777777778
1 0.4234375 0.37546296296296294 0.171875 0.33240740740740743
2 0.8059895833333334 0.6416666666666667 0.10989583333333333 0.362962962962963
2 0.8830729166666667 0.37407407407407406 0.1140625 0.37222222222222223
3 0.9044270833333333 0.6759259259259259 0.08697916666666666 0.2222222222222222
3 0.9713541666666666 0.38287037037037036 0.057291666666666664 0.3175925925925926
4 0.9734375 0.6657407407407407 0.053125 0.22407407407407406