5 0.05130208333333333 0.6847222222222222 0.0671875 0.1287037037037037
4 0.1078125 0.6939814814814815 0.04583333333333333 0.13796296296296295
4 0.9192708333333334 0.6328703703703704 0.05 0.16944444444444445
3 0.9052083333333333 0.4162037037037037 0.06145833333333333 0.25092592592592594
3 0.10703125 0.4828703703703704 0.04739583333333333 0.275
3 0.16432291666666668 0.7166666666666667 0.0671875 0.1648148148148148
3 0.8533854166666667 0.6574074074074074 0.08177083333333333 0.19814814814814816
2 0.8221354166666667 0.39351851851851855 0.09947916666666666 0.3388888888888889
2 0.17630208333333333 0.47453703703703703 0.08072916666666667 0.3194444444444444
2 0.24609375 0.7097222222222223 0.09635416666666667 0.28425925925925927
2 0.76484375 0.6226851851851852 0.0953125 0.3675925925925926
1 0.26953125 0.44583333333333336 0.10885416666666667 0.2916666666666667
1 0.34739583333333335 0.6712962962962963 0.103125 0.23148148148148148
1 0.7158854166666667 0.4097222222222222 0.11302083333333333 0.30092592592592593
1 0.6567708333333333 0.6532407407407408 0.12083333333333333 0.21944444444444444
0 0.40651041666666665 0.45740740740740743 0.16510416666666666 0.3055555555555556
0 0.57421875 0.4351851851851852 0.1703125 0.34074074074074073
0 0.44609375 0.6819444444444445 0.09635416666666667 0.1527777777777778
0 0.5455729166666666 0.6773148148148148 0.1046875 0.14351851851851852