0 0.4627604166666667 0.6439814814814815 0.10364583333333334 0.16203703703703703
0 0.5669270833333333 0.6416666666666667 0.09114583333333333 0.1574074074074074
0 0.4205729166666667 0.399537037037037 0.16614583333333333 0.32685185185185184
0 0.5890625 0.3990740740740741 0.17291666666666666 0.3314814814814815
1 0.67109375 0.6342592592592593 0.10885416666666667 0.22962962962962963
1 0.36354166666666665 0.6523148148148148 0.09270833333333334 0.18796296296296297
1 0.2838541666666667 0.3907407407407407 0.10208333333333333 0.2962962962962963
1 0.7359375 0.3731481481481482 0.115625 0.3314814814814815
2 0.2677083333333333 0.6578703703703703 0.10208333333333333 0.27685185185185185
2 0.77890625 0.5995370370370371 0.10989583333333333 0.36018518518518516
2 0.19166666666666668 0.4013888888888889 0.08229166666666667 0.32685185185185184
2 0.84609375 0.3768518518518518 0.1046875 0.3537037037037037
3 0.8776041666666666 0.6513888888888889 0.07916666666666666 0.19537037037037036
3 0.9380208333333333 0.3921296296296296 0.06875 0.3175925925925926
4 0.9481770833333333 0.6425925925925926 0.06197916666666667 0.18888888888888888