0 0.4635416666666667 0.6393518518518518 0.10208333333333333 0.1527777777777778
0 0.5635416666666667 0.6462962962962963 0.09270833333333334 0.16296296296296298
0 0.42109375 0.40555555555555556 0.1703125 0.3148148148148148
0 0.5932291666666667 0.4041666666666667 0.17604166666666668 0.31203703703703706
1 0.6703125 0.6263888888888889 0.11770833333333333 0.22685185185185186
1 0.36302083333333335 0.6351851851851852 0.10208333333333333 0.23148148148148148
1 0.7375 0.37916666666666665 0.1125 0.30092592592592593
1 0.2864583333333333 0.38842592592592595 0.096875 0.2916666666666667
2 0.26484375 0.65 0.09635416666666667 0.2833333333333333
2 0.7815104166666667 0.6078703703703704 0.1046875 0.3675925925925926
2 0.85 0.3768518518518518 0.10729166666666666 0.3388888888888889
2 0.19505208333333332 0.4101851851851852 0.0859375 0.3296296296296296
3 0.875 0.6462962962962963 0.07916666666666666 0.21481481481481482
3 0.9380208333333333 0.3851851851851852 0.065625 0.3037037037037037
3 0.12916666666666668 0.4351851851851852 0.04583333333333333 0.2833333333333333
4 0.94609375 0.637962962962963 0.06302083333333333 0.18888888888888888