0 0.33046875 0.6282407407407408 0.09114583333333333 0.22685185185185186
0 0.6515625 0.6523148148148148 0.10729166666666666 0.1935185185185185
0 0.25416666666666665 0.36574074074074076 0.10729166666666666 0.29814814814814816
0 0.71796875 0.36944444444444446 0.12239583333333333 0.3296296296296296
1 0.5408854166666667 0.6430555555555556 0.10885416666666667 0.16944444444444445
1 0.43203125 0.6319444444444444 0.10364583333333334 0.1675925925925926
1 0.39036458333333335 0.3800925925925926 0.16510416666666666 0.33611111111111114
1 0.5661458333333333 0.37916666666666665 0.17604166666666668 0.35833333333333334
2 0.23333333333333334 0.6453703703703704 0.103125 0.28888888888888886
2 0.7669270833333334 0.6273148148148148 0.11302083333333333 0.3527777777777778
2 0.16145833333333334 0.38842592592592595 0.075 0.3527777777777778
2 0.83515625 0.3768518518518518 0.1046875 0.34814814814814815
3 0.14895833333333333 0.6537037037037037 0.06041666666666667 0.1814814814814815
3 0.8635416666666667 0.6546296296296297 0.078125 0.2074074074074074
3 0.09557291666666666 0.41574074074074074 0.0484375 0.25555555555555554
3 0.9234375 0.3921296296296296 0.07395833333333333 0.3175925925925926