5 0.0546875 0.6925925925925925 0.07083333333333333 0.13148148148148148
4 0.11380208333333333 0.6939814814814815 0.04739583333333333 0.13796296296296295
4 0.92265625 0.6462962962962963 0.05364583333333333 0.17592592592592593
3 0.9098958333333333 0.42592592592592593 0.065625 0.25555555555555554
3 0.1125 0.4986111111111111 0.052083333333333336 0.25277777777777777
3 0.1703125 0.7083333333333334 0.065625 0.16666666666666666
3 0.85625 0.6578703703703703 0.07916666666666666 0.18611111111111112
2 0.8291666666666667 0.40370370370370373 0.09791666666666667 0.32222222222222224
2 0.178125 0.475462962962963 0.07395833333333333 0.3175925925925926
2 0.2513020833333333 0.7152777777777778 0.09635416666666667 0.2675925925925926
2 0.76875 0.6319444444444444 0.09270833333333334 0.3490740740740741
1 0.721875 0.4162037037037037 0.11666666666666667 0.30277777777777776
1 0.2755208333333333 0.44351851851851853 0.1125 0.2814814814814815
1 0.34817708333333336 0.6819444444444445 0.09427083333333333 0.21944444444444444
1 0.6627604166666666 0.6666666666666666 0.11927083333333334 0.2037037037037037
0 0.4125 0.46296296296296297 0.16145833333333334 0.3055555555555556
0 0.5796875 0.44351851851851853 0.16770833333333332 0.3148148148148148
0 0.45416666666666666 0.6893518518518519 0.10729166666666666 0.14351851851851852
0 0.5549479166666667 0.6810185185185185 0.09114583333333333 0.15462962962962962