0 0.5942708333333333 0.31203703703703706 0.18125 0.34814814814814815
0 0.4125 0.32083333333333336 0.17708333333333334 0.33611111111111114
0 0.4953125 0.7754629629629629 0.11145833333333334 0.3101851851851852
0 0.6072916666666667 0.7791666666666667 0.115625 0.32685185185185184
1 0.7442708333333333 0.3013888888888889 0.12083333333333333 0.33240740740740743
1 0.26614583333333336 0.30648148148148147 0.115625 0.32222222222222224
1 0.384375 0.7907407407407407 0.11041666666666666 0.3314814814814815
1 0.7213541666666666 0.7847222222222222 0.1125 0.3287037037037037
2 0.85546875 0.3148148148148148 0.1046875 0.362962962962963
2 0.15885416666666666 0.3337962962962963 0.09375 0.3824074074074074
2 0.27630208333333334 0.8064814814814815 0.10572916666666667 0.387037037037037
3 0.9375 0.3384259259259259 0.06145833333333333 0.33425925925925926
3 0.08151041666666667 0.3912037037037037 0.049479166666666664 0.27685185185185185
3 0.184375 0.8013888888888889 0.08020833333333334 0.3101851851851852
4 0.11302083333333333 0.8064814814814815 0.05625 0.24814814814814815
5 0.04114583333333333 0.8185185185185185 0.08229166666666667 0.21481481481481482