0 0.5541666666666667 0.6569444444444444 0.103125 0.18796296296296297
0 0.44557291666666665 0.6449074074074074 0.1140625 0.16944444444444445
0 0.40390625 0.37083333333333335 0.1734375 0.375
0 0.5864583333333333 0.38055555555555554 0.18958333333333333 0.35555555555555557
1 0.6708333333333333 0.637962962962963 0.11666666666666667 0.25555555555555554
1 0.3372395833333333 0.6462962962962963 0.0859375 0.17592592592592593
1 0.7481770833333333 0.3680555555555556 0.1265625 0.3416666666666667
2 0.78828125 0.6310185185185185 0.1234375 0.36944444444444446
2 0.8677083333333333 0.37916666666666665 0.11041666666666666 0.3675925925925926
3 0.8942708333333333 0.6703703703703704 0.08333333333333333 0.21481481481481482
3 0.9614583333333333 0.3912037037037037 0.07708333333333334 0.3194444444444444
4 0.96875 0.6657407407407407 0.0625 0.22407407407407406