0 0.5932291666666667 0.39444444444444443 0.18125 0.37037037037037035
0 0.41041666666666665 0.3888888888888889 0.17604166666666668 0.3388888888888889
0 0.44817708333333334 0.6583333333333333 0.10364583333333334 0.20925925925925926
0 0.55546875 0.6763888888888889 0.10885416666666667 0.1935185185185185
1 0.7473958333333334 0.3768518518518518 0.125 0.34814814814814815
1 0.6729166666666667 0.6523148148148148 0.12083333333333333 0.25462962962962965
1 0.3455729166666667 0.6666666666666666 0.09114583333333333 0.2222222222222222
2 0.79375 0.6393518518518518 0.12083333333333333 0.3824074074074074
2 0.87109375 0.3875 0.11927083333333334 0.36944444444444446
3 0.9645833333333333 0.3925925925925926 0.07083333333333333 0.35555555555555557
3 0.89921875 0.6800925925925926 0.08697916666666666 0.2101851851851852
4 0.9721354166666667 0.6726851851851852 0.05572916666666667 0.2101851851851852