5 0.04609375 0.6861111111111111 0.06197916666666667 0.14074074074074075
4 0.9174479166666667 0.6296296296296297 0.05364583333333333 0.1814814814814815
4 0.10442708333333334 0.687037037037037 0.049479166666666664 0.13333333333333333
3 0.8494791666666667 0.6546296296296297 0.07916666666666666 0.21666666666666667
3 0.1640625 0.7134259259259259 0.06458333333333334 0.1527777777777778
3 0.103125 0.4898148148148148 0.05 0.2462962962962963
3 0.9 0.4134259259259259 0.06458333333333334 0.26944444444444443
2 0.7653645833333333 0.6287037037037037 0.0859375 0.35555555555555557
2 0.24453125 0.7074074074074074 0.09947916666666666 0.2740740740740741
2 0.8205729166666667 0.40046296296296297 0.09635416666666667 0.325
2 0.17161458333333332 0.47685185185185186 0.08489583333333334 0.32407407407407407
1 0.66015625 0.6666666666666666 0.1171875 0.2074074074074074
1 0.34322916666666664 0.6819444444444445 0.09791666666666667 0.21944444444444444
1 0.7119791666666667 0.41712962962962963 0.12083333333333333 0.30092592592592593
1 0.2669270833333333 0.44351851851851853 0.10572916666666667 0.2722222222222222
0 0.4440104166666667 0.6833333333333333 0.10052083333333334 0.15555555555555556
0 0.5479166666666667 0.6819444444444445 0.10729166666666666 0.16203703703703703
0 0.403125 0.4550925925925926 0.16354166666666667 0.30092592592592593
0 0.5682291666666667 0.4425925925925926 0.16666666666666666 0.32222222222222224