0 0.49661458333333336 0.8027777777777778 0.10885416666666667 0.32222222222222224
0 0.41901041666666666 0.32407407407407407 0.17447916666666666 0.3537037037037037
0 0.6015625 0.32407407407407407 0.190625 0.3537037037037037
1 0.38697916666666665 0.8083333333333333 0.11041666666666666 0.3296296296296296
1 0.7513020833333334 0.32037037037037036 0.10885416666666667 0.34629629629629627
1 0.2708333333333333 0.30972222222222223 0.11979166666666667 0.3287037037037037
2 0.27760416666666665 0.8101851851851852 0.103125 0.37962962962962965
2 0.8260416666666667 0.8041666666666667 0.096875 0.39166666666666666
2 0.8614583333333333 0.32175925925925924 0.10625 0.3768518518518518
2 0.16484375 0.3472222222222222 0.0921875 0.37962962962962965
3 0.9140625 0.7212962962962963 0.07916666666666666 0.2074074074074074
3 0.18619791666666666 0.8180555555555555 0.0765625 0.3101851851851852
3 0.9447916666666667 0.3490740740740741 0.06041666666666667 0.31296296296296294
3 0.09088541666666666 0.3814814814814815 0.0578125 0.3111111111111111
4 0.11588541666666667 0.8268518518518518 0.0671875 0.25555555555555554
5 0.04244791666666667 0.8347222222222223 0.08489583333333334 0.20092592592592592