0 0.4674479166666667 0.8087962962962963 0.1046875 0.262037037037037
0 0.575 0.8074074074074075 0.10729166666666666 0.27037037037037037
0 0.41328125 0.42685185185185187 0.1703125 0.3
0 0.5830729166666667 0.4125 0.16614583333333333 0.3194444444444444
1 0.36484375 0.8300925925925926 0.10364583333333334 0.2861111111111111
1 0.6830729166666667 0.8064814814814815 0.10885416666666667 0.2814814814814815
1 0.71875 0.3763888888888889 0.10729166666666666 0.30092592592592593
2 0.2630208333333333 0.8361111111111111 0.09791666666666667 0.3277777777777778
2 0.784375 0.7833333333333333 0.09375 0.35555555555555557
2 0.821875 0.3685185185185185 0.09375 0.3314814814814815
3 0.18177083333333333 0.8324074074074074 0.06979166666666667 0.26296296296296295
3 0.8614583333333333 0.7648148148148148 0.07916666666666666 0.28888888888888886
3 0.9013020833333333 0.37777777777777777 0.058854166666666666 0.2796296296296296
3 0.10234375 0.4759259259259259 0.06197916666666667 0.2462962962962963
4 0.12395833333333334 0.8300925925925926 0.06145833333333333 0.20092592592592592
4 0.92109375 0.75 0.0671875 0.23148148148148148
5 0.058854166666666666 0.8351851851851851 0.0875 0.19074074074074074