0 0.48489583333333336 0.7893518518518519 0.10729166666666666 0.30092592592592593
0 0.40859375 0.32916666666666666 0.1796875 0.33425925925925926
0 0.5890625 0.32407407407407407 0.18125 0.3537037037037037
1 0.375 0.8074074074074075 0.1125 0.3277777777777778
1 0.25833333333333336 0.3050925925925926 0.12083333333333333 0.325
1 0.73671875 0.3023148148148148 0.1171875 0.3435185185185185
2 0.8200520833333333 0.799537037037037 0.10052083333333334 0.4009259259259259
2 0.26875 0.8101851851851852 0.096875 0.37962962962962965
2 0.15260416666666668 0.3435185185185185 0.09270833333333334 0.362962962962963
2 0.8481770833333333 0.3143518518518518 0.10572916666666667 0.3675925925925926
3 0.9080729166666667 0.7166666666666667 0.07239583333333334 0.2074074074074074
3 0.17760416666666667 0.8064814814814815 0.08333333333333333 0.3148148148148148
3 0.07760416666666667 0.3861111111111111 0.06041666666666667 0.3055555555555556
3 0.9307291666666667 0.3277777777777778 0.06458333333333334 0.3277777777777778
4 0.10572916666666667 0.8134259259259259 0.057291666666666664 0.25277777777777777
5 0.03854166666666667 0.8291666666666667 0.07708333333333334 0.21203703703703702