0 0.45546875 0.6393518518518518 0.09427083333333333 0.16203703703703703
0 0.5635416666666667 0.6388888888888888 0.11145833333333334 0.14814814814814814
0 0.41875 0.39444444444444443 0.16770833333333332 0.32222222222222224
0 0.5895833333333333 0.3990740740740741 0.171875 0.3314814814814815
1 0.6729166666666667 0.6356481481481482 0.10208333333333333 0.20833333333333334
1 0.35885416666666664 0.6439814814814815 0.096875 0.23425925925925925
1 0.7328125 0.37916666666666665 0.11145833333333334 0.30092592592592593
1 0.284375 0.37824074074074077 0.09791666666666667 0.2935185185185185
2 0.77890625 0.600925925925926 0.1046875 0.37222222222222223
2 0.25885416666666666 0.6560185185185186 0.103125 0.2953703703703704
2 0.846875 0.3814814814814815 0.103125 0.34814814814814815
2 0.19427083333333334 0.4050925925925926 0.07395833333333333 0.3435185185185185
3 0.8703125 0.6523148148148148 0.08333333333333333 0.2212962962962963
3 0.9328125 0.3814814814814815 0.07395833333333333 0.3148148148148148
4 0.9427083333333334 0.6462962962962963 0.06979166666666667 0.2