5 0.053385416666666664 0.8240740740740741 0.0765625 0.18888888888888888
4 0.12239583333333333 0.8324074074074074 0.06458333333333334 0.21481481481481482
3 0.18020833333333333 0.8263888888888888 0.06979166666666667 0.26944444444444443
3 0.8635416666666667 0.763425925925926 0.08020833333333334 0.2916666666666667
3 0.09973958333333334 0.4708333333333333 0.058854166666666666 0.25092592592592594
3 0.9005208333333333 0.3763888888888889 0.06041666666666667 0.27685185185185185
2 0.2635416666666667 0.8361111111111111 0.096875 0.3277777777777778
2 0.784375 0.7847222222222222 0.09166666666666666 0.35833333333333334
2 0.8260416666666667 0.36435185185185187 0.09166666666666666 0.33425925925925926
1 0.36354166666666665 0.825462962962963 0.10104166666666667 0.2953703703703704
1 0.684375 0.8037037037037037 0.11458333333333333 0.28703703703703703
1 0.7231770833333333 0.37083333333333335 0.10885416666666667 0.31203703703703706
0 0.4674479166666667 0.8050925925925926 0.1046875 0.2601851851851852
0 0.57421875 0.8 0.10572916666666667 0.26481481481481484
0 0.41119791666666666 0.4217592592592593 0.16927083333333334 0.3101851851851852
0 0.5822916666666667 0.40879629629629627 0.16770833333333332 0.32685185185185184