5 0.08229166666666667 0.8444444444444444 0.08854166666666667 0.1814814814814815
4 0.14739583333333334 0.8467592592592592 0.06875 0.20462962962962963
3 0.88515625 0.763425925925926 0.08072916666666667 0.2675925925925926
3 0.20442708333333334 0.8444444444444444 0.07760416666666667 0.2574074074074074
3 0.9151041666666667 0.3824074074074074 0.06041666666666667 0.2740740740740741
3 0.1125 0.4861111111111111 0.06041666666666667 0.24814814814814815
2 0.8072916666666666 0.7921296296296296 0.09375 0.33425925925925926
2 0.2916666666666667 0.8444444444444444 0.09166666666666666 0.3111111111111111
2 0.84140625 0.3680555555555556 0.09010416666666667 0.32685185185185184
1 0.38645833333333335 0.850462962962963 0.09791666666666667 0.29907407407407405
1 0.7065104166666667 0.8217592592592593 0.1046875 0.287962962962963
1 0.2908854166666667 0.4148148148148148 0.10885416666666667 0.2814814814814815
1 0.7388020833333333 0.3814814814814815 0.11302083333333333 0.3
0 0.4903645833333333 0.825462962962963 0.1015625 0.262037037037037
0 0.59765625 0.8217592592592593 0.11302083333333333 0.275
0 0.42994791666666665 0.4305555555555556 0.1640625 0.3074074074074074
0 0.5966145833333333 0.4162037037037037 0.16927083333333334 0.3175925925925926