5 0.08203125 0.8421296296296297 0.0859375 0.18611111111111112
4 0.14947916666666666 0.8421296296296297 0.06458333333333334 0.20462962962962963
3 0.20911458333333333 0.8384259259259259 0.0734375 0.2657407407407407
3 0.8877604166666667 0.7703703703703704 0.07760416666666667 0.29074074074074074
3 0.12526041666666668 0.48055555555555557 0.06197916666666667 0.2462962962962963
3 0.92578125 0.3837962962962963 0.0578125 0.2916666666666667
2 0.8119791666666667 0.7944444444444444 0.09270833333333334 0.3574074074074074
2 0.29453125 0.8435185185185186 0.09114583333333333 0.31296296296296294
2 0.8502604166666666 0.3648148148148148 0.09114583333333333 0.3388888888888889
1 0.39296875 0.8421296296296297 0.10052083333333334 0.2953703703703704
1 0.7104166666666667 0.8134259259259259 0.10729166666666666 0.2824074074074074
1 0.7481770833333333 0.3800925925925926 0.11302083333333333 0.30277777777777776
1 0.30052083333333335 0.4185185185185185 0.11145833333333334 0.2796296296296296
0 0.49713541666666666 0.8180555555555555 0.1078125 0.262037037037037
0 0.603125 0.8208333333333333 0.10520833333333333 0.2675925925925926
0 0.4401041666666667 0.4300925925925926 0.16770833333333332 0.30277777777777776
0 0.60859375 0.4162037037037037 0.16614583333333333 0.32685185185185184