0 0.6890625 0.6305555555555555 0.1125 0.24074074074074073
0 0.7575520833333333 0.36712962962962964 0.1265625 0.33425925925925926
1 0.45625 0.637962962962963 0.103125 0.17962962962962964
1 0.5721354166666667 0.6453703703703704 0.10989583333333333 0.18888888888888888
1 0.5979166666666667 0.36944444444444446 0.190625 0.3574074074074074
1 0.41510416666666666 0.3648148148148148 0.16354166666666667 0.34814814814814815
2 0.8033854166666666 0.6203703703703703 0.1046875 0.37222222222222223
2 0.8744791666666667 0.37222222222222223 0.10208333333333333 0.37222222222222223
3 0.9005208333333333 0.6657407407407407 0.08958333333333333 0.21481481481481482
3 0.9640625 0.39444444444444443 0.071875 0.3074074074074074
4 0.97265625 0.6523148148148148 0.0546875 0.19722222222222222