0 0.5942708333333333 0.3814814814814815 0.18125 0.37222222222222223
0 0.41458333333333336 0.38287037037037036 0.17083333333333334 0.375
0 0.45026041666666666 0.6537037037037037 0.10989583333333333 0.16666666666666666
0 0.565625 0.6597222222222222 0.12083333333333333 0.1935185185185185
1 0.34479166666666666 0.6606481481481481 0.09270833333333334 0.17685185185185184
1 0.7494791666666667 0.37546296296296294 0.12604166666666666 0.3453703703703704
1 0.6830729166666667 0.6537037037037037 0.10885416666666667 0.2388888888888889
2 0.8723958333333334 0.3800925925925926 0.11666666666666667 0.36944444444444446
2 0.7966145833333333 0.6523148148148148 0.11822916666666666 0.3453703703703704
3 0.9651041666666667 0.4041666666666667 0.071875 0.3175925925925926
3 0.9013020833333333 0.6805555555555556 0.09114583333333333 0.23148148148148148
4 0.9734375 0.6712962962962963 0.053125 0.2074074074074074