0 0.5643229166666667 0.6365740740740741 0.1046875 0.17685185185185184
0 0.4588541666666667 0.6356481481481482 0.10104166666666667 0.15462962962962962
0 0.421875 0.3990740740740741 0.16666666666666666 0.31296296296296294
0 0.5908854166666667 0.3990740740740741 0.16927083333333334 0.31296296296296294
1 0.6682291666666667 0.6296296296296297 0.09791666666666667 0.22037037037037038
1 0.35885416666666664 0.6342592592592593 0.096875 0.22407407407407406
1 0.284375 0.3814814814814815 0.103125 0.28703703703703703
1 0.7338541666666667 0.38055555555555554 0.11145833333333334 0.31296296296296294
2 0.26536458333333335 0.6555555555555556 0.0953125 0.2814814814814815
2 0.77890625 0.6106481481481482 0.10989583333333333 0.36203703703703705
2 0.1921875 0.4074074074074074 0.075 0.3388888888888889
2 0.8434895833333333 0.37175925925925923 0.09947916666666666 0.3527777777777778
3 0.8736979166666666 0.6569444444444444 0.08177083333333333 0.21203703703703702
3 0.12994791666666666 0.42314814814814816 0.04739583333333333 0.27037037037037037
3 0.9268229166666667 0.39675925925925926 0.0671875 0.2935185185185185
4 0.946875 0.637962962962963 0.06458333333333334 0.19814814814814816