5 0.07083333333333333 0.8393518518518519 0.0875 0.16203703703703703
4 0.13411458333333334 0.8287037037037037 0.06302083333333333 0.17407407407407408
3 0.8716145833333333 0.7273148148148149 0.0859375 0.21944444444444444
3 0.19322916666666667 0.8111111111111111 0.07916666666666666 0.1962962962962963
3 0.9005208333333333 0.3763888888888889 0.057291666666666664 0.2675925925925926
2 0.7942708333333334 0.7333333333333333 0.09270833333333334 0.24074074074074073
2 0.27838541666666666 0.7930555555555555 0.09114583333333333 0.2175925925925926
2 0.8221354166666667 0.36018518518518516 0.09947916666666666 0.3388888888888889
1 0.3736979166666667 0.7916666666666666 0.09947916666666666 0.19074074074074074
1 0.6942708333333333 0.7703703703703704 0.10729166666666666 0.1962962962962963
1 0.27005208333333336 0.40185185185185185 0.11302083333333333 0.2796296296296296
1 0.71796875 0.3731481481481482 0.10885416666666667 0.29814814814814816
0 0.478125 0.7833333333333333 0.10729166666666666 0.18888888888888888
0 0.5869791666666667 0.7726851851851851 0.10729166666666666 0.18611111111111112
0 0.40989583333333335 0.41712962962962963 0.16354166666666667 0.2953703703703704
0 0.575 0.39814814814814814 0.171875 0.3296296296296296