5 0.05677083333333333 0.7060185185185185 0.07291666666666667 0.13425925925925927
4 0.9239583333333333 0.6606481481481481 0.05625 0.18055555555555555
4 0.11380208333333333 0.7175925925925926 0.044270833333333336 0.14814814814814814
3 0.11041666666666666 0.5055555555555555 0.051041666666666666 0.26296296296296295
3 0.16822916666666668 0.7324074074074074 0.06458333333333334 0.1574074074074074
3 0.8575520833333333 0.6717592592592593 0.0765625 0.20277777777777778
3 0.9145833333333333 0.4337962962962963 0.059375 0.2675925925925926
2 0.17890625 0.49583333333333335 0.08072916666666667 0.325
2 0.25052083333333336 0.7347222222222223 0.09791666666666667 0.27685185185185185
2 0.8294270833333334 0.42685185185185187 0.10364583333333334 0.3296296296296296
2 0.775 0.6476851851851851 0.09166666666666666 0.3509259259259259
1 0.7200520833333334 0.43194444444444446 0.10989583333333333 0.3101851851851852
1 0.2721354166666667 0.46620370370370373 0.10364583333333334 0.26944444444444443
1 0.3528645833333333 0.6967592592592593 0.10572916666666667 0.21944444444444444
1 0.66640625 0.6796296296296296 0.11822916666666666 0.19074074074074074
0 0.41302083333333334 0.47824074074074074 0.1625 0.3175925925925926
0 0.5763020833333333 0.4708333333333333 0.16614583333333333 0.32685185185185184
0 0.45416666666666666 0.7050925925925926 0.10208333333333333 0.1361111111111111
0 0.5572916666666666 0.7097222222222223 0.10208333333333333 0.14537037037037037