0 0.6057291666666667 0.7916666666666666 0.10729166666666666 0.2962962962962963
0 0.49192708333333335 0.7861111111111111 0.11822916666666666 0.2796296296296296
0 0.5919270833333333 0.32314814814814813 0.17864583333333334 0.34629629629629627
0 0.41302083333333334 0.324537037037037 0.18125 0.33425925925925926
1 0.3776041666666667 0.8074074074074075 0.10520833333333333 0.32222222222222224
1 0.2669270833333333 0.30787037037037035 0.1140625 0.3101851851851852
1 0.7421875 0.30972222222222223 0.121875 0.325
2 0.2721354166666667 0.8171296296296297 0.10052083333333334 0.36574074074074076
2 0.16015625 0.3527777777777778 0.09635416666666667 0.362962962962963
2 0.8541666666666666 0.3148148148148148 0.09895833333333333 0.362962962962963
3 0.17890625 0.8148148148148148 0.08072916666666667 0.31296296296296294
3 0.9140625 0.7847222222222222 0.07916666666666666 0.3287037037037037
3 0.078125 0.37546296296296294 0.06145833333333333 0.29907407407407405
3 0.9359375 0.34675925925925927 0.06458333333333334 0.30833333333333335
4 0.11041666666666666 0.8171296296296297 0.051041666666666666 0.2361111111111111
5 0.04114583333333333 0.8134259259259259 0.08229166666666667 0.20092592592592592