0 0.48515625 0.7939814814814815 0.11822916666666666 0.3101851851851852
0 0.40989583333333335 0.32314814814814813 0.17708333333333334 0.337037037037037
0 0.59296875 0.3194444444444444 0.17864583333333334 0.34444444444444444
1 0.3729166666666667 0.8013888888888889 0.10104166666666667 0.31574074074074077
1 0.26614583333333336 0.3101851851851852 0.11041666666666666 0.3055555555555556
1 0.740625 0.3013888888888889 0.11666666666666667 0.3175925925925926
2 0.8268229166666666 0.7981481481481482 0.09010416666666667 0.40370370370370373
2 0.2703125 0.8185185185185185 0.096875 0.362962962962963
2 0.16015625 0.3587962962962963 0.09635416666666667 0.3453703703703704
2 0.8513020833333333 0.31712962962962965 0.1046875 0.35833333333333334
3 0.17890625 0.8180555555555555 0.0828125 0.2953703703703704
3 0.9106770833333333 0.7680555555555556 0.07760416666666667 0.2953703703703704
3 0.07760416666666667 0.3800925925925926 0.052083333333333336 0.28425925925925927
3 0.9348958333333334 0.3347222222222222 0.05625 0.33611111111111114
4 0.10963541666666667 0.8171296296296297 0.049479166666666664 0.2361111111111111
5 0.03984375 0.8388888888888889 0.07447916666666667 0.23148148148148148