5 0.06770833333333333 0.8347222222222223 0.08854166666666667 0.19537037037037036
4 0.1328125 0.8361111111111111 0.06041666666666667 0.21296296296296297
0 0.47760416666666666 0.7930555555555555 0.103125 0.2175925925925926
0 0.5815104166666667 0.7847222222222222 0.1046875 0.20462962962962963
0 0.41171875 0.4199074074074074 0.1703125 0.30092592592592593
0 0.5768229166666666 0.399537037037037 0.15989583333333332 0.3175925925925926
3 0.19296875 0.8180555555555555 0.0734375 0.21944444444444444
3 0.8703125 0.7347222222222223 0.08333333333333333 0.22870370370370371
3 0.8984375 0.3768518518518518 0.059375 0.26296296296296295
2 0.275 0.8050925925925926 0.0875 0.2657407407407407
2 0.7955729166666666 0.7430555555555556 0.0953125 0.2601851851851852
2 0.8205729166666667 0.35509259259259257 0.09635416666666667 0.33425925925925926
1 0.37005208333333334 0.8060185185185185 0.10052083333333334 0.22870370370370371
1 0.6908854166666667 0.7800925925925926 0.10885416666666667 0.21944444444444444
1 0.7145833333333333 0.3731481481481482 0.11041666666666666 0.29814814814814816
1 0.2734375 0.4134259259259259 0.10625 0.28425925925925927