5 0.05260416666666667 0.6842592592592592 0.06458333333333334 0.13333333333333333
4 0.9213541666666667 0.6365740740740741 0.05625 0.19537037037037036
4 0.11041666666666666 0.6930555555555555 0.051041666666666666 0.14537037037037037
3 0.85078125 0.6430555555555556 0.08177083333333333 0.2361111111111111
3 0.16901041666666666 0.7083333333333334 0.06302083333333333 0.1574074074074074
3 0.10963541666666667 0.48518518518518516 0.049479166666666664 0.26481481481481484
3 0.9036458333333334 0.4162037037037037 0.06979166666666667 0.25092592592592594
2 0.82265625 0.39675925925925926 0.0921875 0.32685185185185184
2 0.17682291666666666 0.4777777777777778 0.08489583333333334 0.32222222222222224
2 0.25 0.712037037037037 0.096875 0.27037037037037037
2 0.7690104166666667 0.6212962962962963 0.10052083333333334 0.35555555555555557
1 0.7171875 0.4125 0.115625 0.30092592592592593
1 0.2708333333333333 0.4444444444444444 0.103125 0.2796296296296296
1 0.34661458333333334 0.6865740740740741 0.09947916666666666 0.2101851851851852
1 0.66015625 0.6592592592592592 0.1140625 0.21296296296296297
0 0.4078125 0.4564814814814815 0.16770833333333332 0.29814814814814816
0 0.5763020833333333 0.4449074074074074 0.16614583333333333 0.3175925925925926
0 0.44869791666666664 0.6796296296296296 0.09635416666666667 0.14814814814814814
0 0.546875 0.6796296296296296 0.10208333333333333 0.1574074074074074