5 0.053385416666666664 0.6833333333333333 0.06614583333333333 0.13148148148148148
4 0.1109375 0.6856481481481481 0.046875 0.14537037037037037
4 0.91875 0.6425925925925926 0.05625 0.17962962962962964
3 0.10520833333333333 0.4842592592592593 0.051041666666666666 0.26296296296296295
3 0.16666666666666666 0.7046296296296296 0.06458333333333334 0.14074074074074075
3 0.9052083333333333 0.41388888888888886 0.06666666666666667 0.26481481481481484
3 0.85234375 0.6574074074074074 0.0765625 0.19814814814814816
2 0.17552083333333332 0.47453703703703703 0.08229166666666667 0.31574074074074077
2 0.246875 0.7106481481481481 0.09791666666666667 0.27685185185185185
2 0.82265625 0.39814814814814814 0.0984375 0.32407407407407407
2 0.765625 0.6203703703703703 0.09375 0.362962962962963
1 0.7158854166666667 0.41944444444444445 0.11302083333333333 0.2962962962962963
1 0.2708333333333333 0.4444444444444444 0.10625 0.2796296296296296
1 0.34401041666666665 0.6787037037037037 0.09947916666666666 0.2074074074074074
1 0.66015625 0.6569444444444444 0.11927083333333334 0.21203703703703702
0 0.4078125 0.4550925925925926 0.1625 0.30092592592592593
0 0.5747395833333333 0.4398148148148148 0.16927083333333334 0.32222222222222224
0 0.4473958333333333 0.6763888888888889 0.096875 0.14537037037037037
0 0.5466145833333333 0.6796296296296296 0.09947916666666666 0.1574074074074074