0 0.56640625 0.763425925925926 0.10885416666666667 0.2861111111111111
0 0.46015625 0.7587962962962963 0.10364583333333334 0.27685185185185185
0 0.57890625 0.3837962962962963 0.16614583333333333 0.3287037037037037
0 0.41380208333333335 0.38287037037037036 0.1640625 0.3175925925925926
1 0.675 0.774074074074074 0.10833333333333334 0.3037037037037037
1 0.36015625 0.7712962962962963 0.09947916666666666 0.29814814814814816
1 0.7231770833333333 0.36342592592592593 0.12239583333333333 0.32685185185185184
1 0.27760416666666665 0.37175925925925923 0.10625 0.2861111111111111
2 0.7815104166666667 0.7680555555555556 0.1046875 0.3824074074074074
2 0.26145833333333335 0.7824074074074074 0.08958333333333333 0.34444444444444444
2 0.18697916666666667 0.399537037037037 0.075 0.3416666666666667
2 0.8375 0.3662037037037037 0.10625 0.3416666666666667
3 0.86875 0.7523148148148148 0.06979166666666667 0.3175925925925926
3 0.1875 0.7717592592592593 0.06041666666666667 0.27870370370370373
3 0.12526041666666668 0.4185185185185185 0.0484375 0.27037037037037037
3 0.9268229166666667 0.37777777777777777 0.0671875 0.3074074074074074
4 0.9372395833333333 0.7226851851851852 0.0671875 0.20462962962962963
4 0.13463541666666667 0.7657407407407407 0.0453125 0.22407407407407406
5 0.07890625 0.7694444444444445 0.06822916666666666 0.17407407407407408