0 0.5721354166666667 0.6462962962962963 0.09947916666666666 0.1574074074074074
0 0.4700520833333333 0.6425925925925926 0.09947916666666666 0.15555555555555556
0 0.43385416666666665 0.40185185185185185 0.16354166666666667 0.32222222222222224
0 0.5997395833333333 0.40185185185185185 0.16510416666666666 0.3314814814814815
1 0.6744791666666666 0.6287037037037037 0.10208333333333333 0.2222222222222222
1 0.37213541666666666 0.65 0.09427083333333333 0.17407407407407408
1 0.29635416666666664 0.3875 0.10625 0.29907407407407405
1 0.74140625 0.37222222222222223 0.11510416666666666 0.3148148148148148
2 0.78359375 0.6226851851851852 0.11927083333333334 0.3768518518518518
2 0.20052083333333334 0.41388888888888886 0.075 0.3314814814814815
2 0.8513020833333333 0.37916666666666665 0.1046875 0.3490740740740741
3 0.8877604166666667 0.6560185185185186 0.0859375 0.21944444444444444
3 0.9440104166666666 0.4064814814814815 0.07239583333333334 0.2833333333333333
4 0.9674479166666666 0.6472222222222223 0.06510416666666667 0.19814814814814816