5 0.058333333333333334 0.7050925925925926 0.06979166666666667 0.1361111111111111
4 0.9299479166666667 0.6615740740740741 0.0578125 0.1935185185185185
4 0.11380208333333333 0.712037037037037 0.04739583333333333 0.14629629629629629
3 0.1125 0.5069444444444444 0.05 0.26944444444444443
3 0.17291666666666666 0.7287037037037037 0.06875 0.1648148148148148
3 0.85625 0.6666666666666666 0.08229166666666667 0.2037037037037037
3 0.9119791666666667 0.4425925925925926 0.059375 0.25555555555555554
2 0.17552083333333332 0.49398148148148147 0.07395833333333333 0.3101851851851852
2 0.25546875 0.7347222222222223 0.09947916666666666 0.262037037037037
2 0.83125 0.42083333333333334 0.096875 0.33611111111111114
2 0.7690104166666667 0.65 0.0953125 0.35555555555555557
1 0.2721354166666667 0.4638888888888889 0.10572916666666667 0.2796296296296296
1 0.72265625 0.4351851851851852 0.11510416666666666 0.3074074074074074
1 0.35130208333333335 0.7037037037037037 0.0953125 0.20555555555555555
1 0.6674479166666667 0.6893518518518519 0.10989583333333333 0.20092592592592592
0 0.41041666666666665 0.48055555555555557 0.16770833333333332 0.29814814814814816
0 0.58046875 0.4638888888888889 0.16927083333333334 0.32222222222222224
0 0.45260416666666664 0.700925925925926 0.10208333333333333 0.14814814814814814
0 0.5572916666666666 0.7037037037037037 0.10208333333333333 0.1574074074074074