0 0.3341145833333333 0.6462962962962963 0.0953125 0.2722222222222222
0 0.6520833333333333 0.6356481481481482 0.11145833333333334 0.24537037037037038
0 0.25729166666666664 0.36203703703703705 0.09791666666666667 0.3055555555555556
0 0.7223958333333333 0.37175925925925923 0.12083333333333333 0.325
1 0.5442708333333334 0.6569444444444444 0.10208333333333333 0.1787037037037037
1 0.43802083333333336 0.6476851851851851 0.11041666666666666 0.1787037037037037
1 0.5721354166666667 0.39675925925925926 0.17447916666666666 0.3416666666666667
1 0.39505208333333336 0.3921296296296296 0.17135416666666667 0.33240740740740743
2 0.23541666666666666 0.6574074074074074 0.10729166666666666 0.31296296296296294
2 0.7643229166666666 0.6287037037037037 0.11822916666666666 0.3648148148148148
2 0.16354166666666667 0.39305555555555555 0.0875 0.3768518518518518
2 0.83828125 0.3768518518518518 0.1046875 0.362962962962963
3 0.15208333333333332 0.662962962962963 0.05416666666666667 0.1574074074074074
3 0.8627604166666667 0.6657407407407407 0.08177083333333333 0.21481481481481482
3 0.09713541666666667 0.4064814814814815 0.043229166666666666 0.28888888888888886
3 0.9260416666666667 0.3958333333333333 0.065625 0.31574074074074077