0 0.48359375 0.7824074074074074 0.1046875 0.3055555555555556
0 0.5869791666666667 0.31342592592592594 0.18020833333333333 0.3509259259259259
0 0.40911458333333334 0.3194444444444444 0.17864583333333334 0.3537037037037037
1 0.3734375 0.7976851851851852 0.115625 0.32685185185185184
1 0.25833333333333336 0.3050925925925926 0.12083333333333333 0.325
1 0.73671875 0.29583333333333334 0.12239583333333333 0.33425925925925926
2 0.26536458333333335 0.8078703703703703 0.10052083333333334 0.38425925925925924
2 0.81875 0.8027777777777778 0.103125 0.39444444444444443
2 0.15208333333333332 0.34675925925925927 0.09166666666666666 0.36018518518518516
2 0.8473958333333333 0.31342592592592594 0.10208333333333333 0.35648148148148145
3 0.175 0.8245370370370371 0.078125 0.3509259259259259
3 0.9044270833333333 0.7143518518518519 0.07135416666666666 0.20833333333333334
3 0.07421875 0.37222222222222223 0.0640625 0.3055555555555556
3 0.93203125 0.32685185185185184 0.0671875 0.3296296296296296
4 0.10416666666666667 0.8074074074074075 0.06041666666666667 0.24074074074074073
5 0.03828125 0.8407407407407408 0.07135416666666666 0.24074074074074073