5 0.0734375 0.8287037037037037 0.08958333333333333 0.18333333333333332
4 0.13854166666666667 0.8314814814814815 0.06458333333333334 0.21296296296296297
2 0.28229166666666666 0.8361111111111111 0.09375 0.3277777777777778
2 0.8005208333333333 0.788425925925926 0.09166666666666666 0.3509259259259259
2 0.83671875 0.35555555555555557 0.09114583333333333 0.3388888888888889
3 0.19895833333333332 0.8310185185185185 0.08020833333333334 0.28425925925925927
3 0.8768229166666667 0.7560185185185185 0.08072916666666667 0.2916666666666667
3 0.9119791666666667 0.37083333333333335 0.059375 0.26944444444444443
3 0.11223958333333334 0.4736111111111111 0.0578125 0.25092592592592594
1 0.37890625 0.8268518518518518 0.09947916666666666 0.29814814814814816
1 0.6984375 0.8037037037037037 0.11041666666666666 0.29074074074074074
1 0.2869791666666667 0.4074074074074074 0.11145833333333334 0.2722222222222222
1 0.7375 0.37175925925925923 0.10729166666666666 0.2953703703703704
0 0.4830729166666667 0.8111111111111111 0.10364583333333334 0.26666666666666666
0 0.5890625 0.8074074074074075 0.10833333333333334 0.26481481481481484
0 0.42942708333333335 0.41712962962962963 0.1703125 0.3101851851851852
0 0.5984375 0.40370370370370373 0.17083333333333334 0.32222222222222224