0 0.4908854166666667 0.7907407407407407 0.10885416666666667 0.29814814814814816
0 0.4125 0.31805555555555554 0.18229166666666666 0.32685185185185184
0 0.5924479166666666 0.32037037037037036 0.17760416666666667 0.3314814814814815
1 0.378125 0.8050925925925926 0.11666666666666667 0.32685185185185184
1 0.2643229166666667 0.29768518518518516 0.1140625 0.3101851851851852
1 0.7408854166666666 0.300462962962963 0.11927083333333334 0.325
2 0.2669270833333333 0.8101851851851852 0.10364583333333334 0.37962962962962965
2 0.8234375 0.7967592592592593 0.10729166666666666 0.4064814814814815
2 0.16015625 0.34814814814814815 0.09635416666666667 0.3537037037037037
2 0.8515625 0.3111111111111111 0.09895833333333333 0.37962962962962965
3 0.9119791666666667 0.7134259259259259 0.06979166666666667 0.19537037037037036
3 0.17630208333333333 0.8087962962962963 0.07552083333333333 0.3194444444444444
3 0.07890625 0.3768518518518518 0.06614583333333333 0.3055555555555556
3 0.9333333333333333 0.33935185185185185 0.06458333333333334 0.32685185185185184
4 0.103125 0.8134259259259259 0.065625 0.2490740740740741
5 0.034375 0.8277777777777777 0.06875 0.2