0 0.60390625 0.7930555555555555 0.1140625 0.30833333333333335
0 0.4895833333333333 0.7856481481481481 0.11145833333333334 0.2935185185185185
0 0.41458333333333336 0.30972222222222223 0.17291666666666666 0.35833333333333334
0 0.59375 0.3148148148148148 0.18020833333333333 0.362962962962963
1 0.378125 0.8064814814814815 0.11145833333333334 0.3148148148148148
1 0.26614583333333336 0.29907407407407405 0.11770833333333333 0.31666666666666665
1 0.74140625 0.3013888888888889 0.11510416666666666 0.3453703703703704
2 0.27369791666666665 0.8134259259259259 0.10052083333333334 0.3731481481481482
2 0.8260416666666667 0.7981481481481482 0.10208333333333333 0.40370370370370373
2 0.15963541666666667 0.3611111111111111 0.09010416666666667 0.3611111111111111
2 0.8541666666666666 0.3148148148148148 0.10729166666666666 0.37222222222222223
3 0.18098958333333334 0.8351851851851851 0.08177083333333333 0.3296296296296296
3 0.9145833333333333 0.7856481481481481 0.075 0.3175925925925926
3 0.0828125 0.37546296296296294 0.06041666666666667 0.2935185185185185
3 0.9388020833333334 0.3458333333333333 0.0640625 0.3101851851851852
4 0.1125 0.812037037037037 0.05520833333333333 0.23148148148148148
5 0.04114583333333333 0.8194444444444444 0.08229166666666667 0.1925925925925926