0 0.4869791666666667 0.788425925925926 0.11666666666666667 0.30833333333333335
0 0.40859375 0.3074074074074074 0.1796875 0.3574074074074074
0 0.5895833333333333 0.31342592592592594 0.17708333333333334 0.3453703703703704
1 0.7388020833333333 0.29814814814814816 0.11510416666666666 0.3296296296296296
1 0.2635416666666667 0.29305555555555557 0.1125 0.3194444444444444
1 0.3776041666666667 0.8027777777777778 0.09895833333333333 0.32222222222222224
2 0.15677083333333333 0.34814814814814815 0.09270833333333334 0.37777777777777777
2 0.8502604166666666 0.30972222222222223 0.09635416666666667 0.3675925925925926
2 0.8213541666666667 0.7875 0.10104166666666667 0.425
2 0.27682291666666664 0.8125 0.1046875 0.375
3 0.93203125 0.3347222222222222 0.0671875 0.33611111111111114
3 0.07630208333333334 0.37546296296296294 0.0578125 0.287962962962963
3 0.9098958333333333 0.7861111111111111 0.08229166666666667 0.32222222222222224
3 0.184375 0.8171296296296297 0.075 0.30277777777777776
4 0.11380208333333333 0.8203703703703704 0.0578125 0.2574074074074074
5 0.04244791666666667 0.8194444444444444 0.08489583333333334 0.21666666666666667