0 0.41640625 0.3337962962962963 0.17447916666666666 0.33425925925925926
0 0.5984375 0.32546296296296295 0.18958333333333333 0.375
1 0.7502604166666667 0.3060185185185185 0.1140625 0.33611111111111114
1 0.26953125 0.30648148148148147 0.1171875 0.31296296296296294
1 0.7239583333333334 0.8013888888888889 0.115625 0.33425925925925926
1 0.38567708333333334 0.8018518518518518 0.10989583333333333 0.3388888888888889
2 0.8575520833333333 0.32037037037037036 0.10052083333333334 0.37962962962962965
2 0.1609375 0.35509259259259257 0.09791666666666667 0.35833333333333334
2 0.2794270833333333 0.8148148148148148 0.1046875 0.37037037037037035
2 0.82734375 0.8027777777777778 0.09635416666666667 0.39444444444444443
3 0.91328125 0.7226851851851852 0.07239583333333334 0.19166666666666668
3 0.940625 0.350462962962963 0.065625 0.3101851851851852
3 0.08359375 0.38472222222222224 0.05677083333333333 0.2935185185185185
3 0.18515625 0.8337962962962963 0.08177083333333333 0.33240740740740743
4 0.11328125 0.8231481481481482 0.06197916666666667 0.24814814814814815
5 0.04114583333333333 0.8291666666666667 0.08229166666666667 0.1935185185185185