0 0.3380208333333333 0.6393518518518518 0.103125 0.22870370370370371
0 0.6541666666666667 0.6370370370370371 0.1125 0.2388888888888889
0 0.25625 0.37407407407407406 0.10625 0.29074074074074074
0 0.72109375 0.37592592592592594 0.1234375 0.32222222222222224
1 0.54140625 0.6449074074074074 0.1078125 0.1787037037037037
1 0.43984375 0.6370370370370371 0.0953125 0.16666666666666666
1 0.3963541666666667 0.3875 0.171875 0.32685185185185184
1 0.5721354166666667 0.3921296296296296 0.17447916666666666 0.33240740740740743
2 0.23411458333333332 0.6509259259259259 0.09947916666666666 0.2722222222222222
2 0.76953125 0.6402777777777777 0.11302083333333333 0.33611111111111114
2 0.16197916666666667 0.3972222222222222 0.07916666666666666 0.34629629629629627
2 0.8395833333333333 0.3731481481481482 0.10729166666666666 0.35555555555555557
3 0.15130208333333334 0.6675925925925926 0.0578125 0.1814814814814815
3 0.86640625 0.6509259259259259 0.0859375 0.2
3 0.928125 0.38842592592592595 0.06979166666666667 0.3101851851851852
3 0.10026041666666667 0.4041666666666667 0.0390625 0.2935185185185185
4 0.9395833333333333 0.6453703703703704 0.06041666666666667 0.18333333333333332