5 0.053385416666666664 0.8467592592592592 0.08489583333333334 0.19537037037037036
4 0.12369791666666667 0.8407407407407408 0.0671875 0.21666666666666667
2 0.7838541666666666 0.7907407407407407 0.09791666666666667 0.35555555555555557
2 0.265625 0.8388888888888889 0.09791666666666667 0.32222222222222224
2 0.82265625 0.3648148148148148 0.0984375 0.34814814814814815
3 0.184375 0.8384259259259259 0.078125 0.275
3 0.8627604166666667 0.7754629629629629 0.08177083333333333 0.30092592592592593
3 0.9 0.3837962962962963 0.05625 0.2712962962962963
3 0.10182291666666667 0.4837962962962963 0.05260416666666667 0.25277777777777777
1 0.3653645833333333 0.8337962962962963 0.09947916666666666 0.287962962962963
1 0.6838541666666667 0.8087962962962963 0.10208333333333333 0.2916666666666667
1 0.7205729166666667 0.37916666666666665 0.10364583333333334 0.3101851851851852
1 0.27291666666666664 0.42453703703703705 0.10729166666666666 0.2675925925925926
0 0.465625 0.8134259259259259 0.103125 0.2712962962962963
0 0.57421875 0.8111111111111111 0.1140625 0.26666666666666666
0 0.41171875 0.4324074074074074 0.16510416666666666 0.29814814814814816
0 0.5809895833333333 0.41805555555555557 0.1734375 0.32685185185185184