0 0.4627604166666667 0.637962962962963 0.10052083333333334 0.15925925925925927
0 0.565625 0.6402777777777777 0.10208333333333333 0.16018518518518518
0 0.4200520833333333 0.4027777777777778 0.16510416666666666 0.32407407407407407
0 0.59296875 0.39675925925925926 0.17864583333333334 0.3175925925925926
1 0.6734375 0.624537037037037 0.11145833333333334 0.2101851851851852
1 0.36276041666666664 0.6486111111111111 0.09635416666666667 0.16203703703703703
1 0.7395833333333334 0.37175925925925923 0.11145833333333334 0.3101851851851852
2 0.78359375 0.6 0.10885416666666667 0.3648148148148148
2 0.84765625 0.37175925925925923 0.1046875 0.3527777777777778
3 0.8799479166666667 0.6523148148148148 0.0859375 0.20833333333333334
3 0.9348958333333334 0.399537037037037 0.06979166666666667 0.2935185185185185
4 0.9515625 0.6333333333333333 0.05520833333333333 0.17407407407407408