0 0.5609375 0.6393518518518518 0.103125 0.16203703703703703
0 0.45807291666666666 0.6324074074074074 0.09947916666666666 0.1574074074074074
0 0.42239583333333336 0.3888888888888889 0.1625 0.3296296296296296
0 0.5895833333333333 0.39351851851851855 0.171875 0.3296296296296296
1 0.6669270833333333 0.6259259259259259 0.10885416666666667 0.2222222222222222
1 0.28619791666666666 0.36944444444444446 0.10989583333333333 0.3055555555555556
1 0.73671875 0.36712962962962964 0.11927083333333334 0.325
2 0.7783854166666667 0.5939814814814814 0.1171875 0.3768518518518518
2 0.19036458333333334 0.38981481481481484 0.08177083333333333 0.3611111111111111
2 0.8481770833333333 0.37037037037037035 0.10052083333333334 0.34629629629629627
3 0.8770833333333333 0.6449074074074074 0.08020833333333334 0.20277777777777778
3 0.9369791666666667 0.3824074074074074 0.07916666666666666 0.31296296296296294
4 0.946875 0.637962962962963 0.059375 0.18888888888888888