0 0.48984375 0.7787037037037037 0.1140625 0.3037037037037037
0 0.5919270833333333 0.31712962962962965 0.17864583333333334 0.3490740740740741
0 0.41510416666666666 0.31342592592592594 0.171875 0.33240740740740743
1 0.3776041666666667 0.7916666666666666 0.10208333333333333 0.3055555555555556
1 0.26484375 0.300462962962963 0.1234375 0.2953703703703704
1 0.7395833333333334 0.29814814814814816 0.11666666666666667 0.3296296296296296
2 0.27291666666666664 0.8111111111111111 0.10208333333333333 0.37777777777777777
2 0.82734375 0.7967592592592593 0.09947916666666666 0.4064814814814815
2 0.15598958333333332 0.3458333333333333 0.09427083333333333 0.35833333333333334
2 0.85078125 0.3101851851851852 0.10364583333333334 0.37222222222222223
3 0.18020833333333333 0.8157407407407408 0.078125 0.3055555555555556
3 0.9138020833333333 0.7666666666666667 0.0765625 0.31296296296296294
3 0.07864583333333333 0.37037037037037035 0.06041666666666667 0.28888888888888886
3 0.9346354166666667 0.33611111111111114 0.0671875 0.3296296296296296
4 0.11119791666666666 0.8134259259259259 0.0578125 0.24351851851851852
5 0.04114583333333333 0.8157407407407408 0.08229166666666667 0.20925925925925926