0 0.4546875 0.6953703703703704 0.09791666666666667 0.2796296296296296
0 0.5588541666666667 0.7013888888888888 0.10729166666666666 0.27685185185185185
0 0.40729166666666666 0.3958333333333333 0.16666666666666666 0.31574074074074077
0 0.5783854166666667 0.399537037037037 0.17552083333333332 0.32685185185185184
1 0.6690104166666667 0.7074074074074074 0.09947916666666666 0.28888888888888886
1 0.3567708333333333 0.7074074074074074 0.09270833333333334 0.3074074074074074
1 0.2708333333333333 0.3837962962962963 0.103125 0.2861111111111111
1 0.7213541666666666 0.3699074074074074 0.10729166666666666 0.3101851851851852
2 0.26015625 0.7203703703703703 0.0953125 0.3537037037037037
2 0.7716145833333333 0.7074074074074074 0.10885416666666667 0.37037037037037035
2 0.18098958333333334 0.4027777777777778 0.0734375 0.34814814814814815
2 0.8286458333333333 0.37546296296296294 0.10208333333333333 0.33611111111111114
3 0.86640625 0.6939814814814815 0.08072916666666667 0.2953703703703704
3 0.18229166666666666 0.7152777777777778 0.06041666666666667 0.2675925925925926
3 0.11927083333333334 0.4199074074074074 0.046875 0.2861111111111111
3 0.921875 0.3912037037037037 0.07395833333333333 0.2916666666666667
4 0.93671875 0.6893518518518519 0.06302083333333333 0.25277777777777777