0 0.5984375 0.3148148148148148 0.178125 0.362962962962963
0 0.4192708333333333 0.3194444444444444 0.18020833333333333 0.3537037037037037
0 0.49895833333333334 0.7773148148148148 0.11666666666666667 0.33425925925925926
0 0.6125 0.7773148148148148 0.11041666666666666 0.3435185185185185
1 0.746875 0.29907407407407405 0.12083333333333333 0.34629629629629627
1 0.2716145833333333 0.30972222222222223 0.11510416666666666 0.325
1 0.38723958333333336 0.7861111111111111 0.1046875 0.3314814814814815
2 0.8596354166666667 0.31712962962962965 0.1046875 0.3768518518518518
2 0.16432291666666668 0.3458333333333333 0.09947916666666666 0.35833333333333334
2 0.27890625 0.8087962962962963 0.10572916666666667 0.3824074074074074
3 0.9421875 0.35138888888888886 0.06041666666666667 0.32685185185185184
3 0.08515625 0.3768518518518518 0.05364583333333333 0.2962962962962963
3 0.18776041666666668 0.8268518518518518 0.0765625 0.34629629629629627
4 0.11901041666666666 0.8157407407407408 0.0578125 0.2574074074074074
5 0.04375 0.8194444444444444 0.0875 0.21666666666666667