5 0.04739583333333333 0.6796296296296296 0.06458333333333334 0.1388888888888889
4 0.10390625 0.6865740740740741 0.0484375 0.1527777777777778
4 0.9158854166666667 0.6305555555555555 0.06197916666666667 0.18888888888888888
3 0.8494791666666667 0.65 0.08229166666666667 0.23148148148148148
3 0.16276041666666666 0.7083333333333334 0.0671875 0.1574074074074074
3 0.10104166666666667 0.4777777777777778 0.04791666666666667 0.26481481481481484
3 0.90390625 0.4101851851851852 0.0640625 0.26666666666666666
2 0.24479166666666666 0.6990740740740741 0.09375 0.2814814814814815
2 0.7635416666666667 0.6236111111111111 0.09270833333333334 0.36574074074074076
2 0.17083333333333334 0.46620370370370373 0.08333333333333333 0.33240740740740743
2 0.8205729166666667 0.39444444444444443 0.09635416666666667 0.3314814814814815
1 0.34427083333333336 0.6773148148148148 0.10208333333333333 0.2101851851851852
1 0.6583333333333333 0.6666666666666666 0.115625 0.2074074074074074
1 0.26640625 0.4337962962962963 0.1046875 0.27685185185185185
1 0.71328125 0.4111111111111111 0.11302083333333333 0.3074074074074074
0 0.4453125 0.675 0.09791666666666667 0.1425925925925926
0 0.5479166666666667 0.6759259259259259 0.10729166666666666 0.15
0 0.403125 0.4550925925925926 0.16666666666666666 0.30092592592592593
0 0.5703125 0.4412037037037037 0.17083333333333334 0.3194444444444444