0 0.4661458333333333 0.6347222222222222 0.096875 0.1527777777777778
0 0.5677083333333334 0.6430555555555556 0.103125 0.1638888888888889
0 0.4244791666666667 0.39814814814814814 0.171875 0.32037037037037036
0 0.59375 0.39814814814814814 0.16354166666666667 0.3296296296296296
1 0.6809895833333334 0.6259259259259259 0.11302083333333333 0.2074074074074074
1 0.36822916666666666 0.637962962962963 0.10520833333333333 0.2074074074074074
1 0.2890625 0.3800925925925926 0.09375 0.2935185185185185
1 0.7372395833333333 0.37083333333333335 0.11822916666666666 0.3175925925925926
2 0.2703125 0.662962962962963 0.09375 0.28703703703703703
2 0.78984375 0.5995370370370371 0.10989583333333333 0.36018518518518516
2 0.19635416666666666 0.3958333333333333 0.078125 0.3435185185185185
2 0.8502604166666666 0.3768518518518518 0.09947916666666666 0.34814814814814815
3 0.88515625 0.6462962962962963 0.07552083333333333 0.2
3 0.19088541666666667 0.6712962962962963 0.06197916666666667 0.19814814814814816
3 0.9354166666666667 0.3907407407407407 0.06875 0.3055555555555556
4 0.9544270833333334 0.6388888888888888 0.06302083333333333 0.19074074074074074