5 0.05390625 0.7 0.0671875 0.13148148148148148
4 0.115625 0.7027777777777777 0.051041666666666666 0.14074074074074075
4 0.9231770833333334 0.6569444444444444 0.049479166666666664 0.15462962962962962
3 0.11041666666666666 0.5018518518518519 0.05416666666666667 0.26481481481481484
3 0.9098958333333333 0.4351851851851852 0.065625 0.2796296296296296
3 0.8583333333333333 0.662962962962963 0.078125 0.23333333333333334
3 0.1703125 0.725 0.06041666666666667 0.1814814814814815
2 0.82734375 0.4111111111111111 0.09635416666666667 0.337037037037037
2 0.76953125 0.6342592592592593 0.09635416666666667 0.362962962962963
2 0.17890625 0.4837962962962963 0.08072916666666667 0.3194444444444444
2 0.2513020833333333 0.7263888888888889 0.1046875 0.28425925925925927
1 0.7213541666666666 0.42916666666666664 0.1125 0.2953703703703704
1 0.2755208333333333 0.4625 0.10729166666666666 0.27685185185185185
1 0.3536458333333333 0.7 0.10208333333333333 0.21296296296296297
1 0.6640625 0.6782407407407407 0.11666666666666667 0.20277777777777778
0 0.41067708333333336 0.47685185185185186 0.16510416666666666 0.3055555555555556
0 0.5796875 0.4648148148148148 0.17083333333333334 0.32037037037037036
0 0.45078125 0.6976851851851852 0.0984375 0.1361111111111111
0 0.5515625 0.6990740740740741 0.103125 0.14814814814814814