0 0.49583333333333335 0.7847222222222222 0.115625 0.30092592592592593
0 0.60859375 0.7824074074074074 0.11302083333333333 0.3055555555555556
0 0.4166666666666667 0.32222222222222224 0.17708333333333334 0.3388888888888889
0 0.5984375 0.3277777777777778 0.17604166666666668 0.337037037037037
1 0.38723958333333336 0.7893518518518519 0.1046875 0.325
1 0.26875 0.3050925925925926 0.115625 0.325
1 0.7473958333333334 0.3148148148148148 0.11979166666666667 0.32407407407407407
2 0.28020833333333334 0.8078703703703703 0.09791666666666667 0.38425925925925924
2 0.1640625 0.3458333333333333 0.09375 0.35833333333333334
2 0.8596354166666667 0.32407407407407407 0.1046875 0.3814814814814815
3 0.1890625 0.8106481481481481 0.07916666666666666 0.3101851851851852
3 0.9174479166666667 0.7777777777777778 0.08072916666666667 0.3148148148148148
3 0.08697916666666666 0.3814814814814815 0.05520833333333333 0.3111111111111111
3 0.9419270833333333 0.34074074074074073 0.0578125 0.3388888888888889
4 0.11848958333333333 0.8217592592592593 0.06197916666666667 0.25092592592592594
5 0.04375 0.8171296296296297 0.0875 0.21203703703703702