0 0.6796875 0.6402777777777777 0.12395833333333334 0.2361111111111111
0 0.7528645833333333 0.3625 0.12239583333333333 0.3435185185185185
1 0.5661458333333333 0.6486111111111111 0.09791666666666667 0.18611111111111112
1 0.45703125 0.6370370370370371 0.1046875 0.1574074074074074
1 0.5984375 0.37222222222222223 0.18125 0.37222222222222223
1 0.41380208333333335 0.37546296296296294 0.17447916666666666 0.36574074074074076
2 0.8033854166666666 0.6152777777777778 0.1046875 0.3824074074074074
2 0.8755208333333333 0.3731481481481482 0.115625 0.3648148148148148
3 0.9013020833333333 0.6657407407407407 0.0859375 0.21481481481481482
3 0.96796875 0.4041666666666667 0.0640625 0.31203703703703706
4 0.9708333333333333 0.662962962962963 0.058333333333333334 0.1962962962962963