0 0.59921875 0.7837962962962963 0.10989583333333333 0.3175925925925926
0 0.48098958333333336 0.7930555555555555 0.11510416666666666 0.3175925925925926
0 0.41119791666666666 0.3143518518518518 0.1828125 0.3435185185185185
0 0.59375 0.3101851851851852 0.17708333333333334 0.362962962962963
1 0.375 0.799074074074074 0.096875 0.3111111111111111
1 0.2635416666666667 0.3074074074074074 0.115625 0.3
1 0.7388020833333333 0.29212962962962963 0.11510416666666666 0.3416666666666667
2 0.27005208333333336 0.8087962962962963 0.1046875 0.3675925925925926
2 0.8205729166666667 0.7953703703703704 0.09635416666666667 0.40370370370370373
2 0.1546875 0.3421296296296296 0.096875 0.36574074074074076
2 0.8541666666666666 0.31574074074074077 0.1125 0.37037037037037035
3 0.9098958333333333 0.7810185185185186 0.07916666666666666 0.3175925925925926
3 0.178125 0.8004629629629629 0.07916666666666666 0.30277777777777776
3 0.07630208333333334 0.3763888888888889 0.0578125 0.2861111111111111
3 0.93671875 0.3375 0.0546875 0.3175925925925926
4 0.11119791666666666 0.8134259259259259 0.0578125 0.25277777777777777
5 0.04088541666666667 0.799074074074074 0.0796875 0.2