0 0.33515625 0.637962962962963 0.0953125 0.23703703703703705
0 0.6515625 0.625 0.1125 0.2388888888888889
0 0.71796875 0.3814814814814815 0.12447916666666667 0.3111111111111111
0 0.25677083333333334 0.37037037037037035 0.10729166666666666 0.29814814814814816
1 0.5434895833333333 0.6486111111111111 0.10364583333333334 0.16203703703703703
1 0.440625 0.6347222222222222 0.10208333333333333 0.16203703703703703
1 0.5690104166666666 0.39814814814814814 0.1734375 0.3388888888888889
1 0.3971354166666667 0.3925925925925926 0.1703125 0.32222222222222224
2 0.23463541666666668 0.6569444444444444 0.10052083333333334 0.28425925925925927
2 0.7635416666666667 0.6324074074074074 0.11666666666666667 0.362962962962963
2 0.83515625 0.3814814814814815 0.1046875 0.34444444444444444
2 0.16276041666666666 0.40046296296296297 0.08072916666666667 0.3435185185185185
3 0.15130208333333334 0.6666666666666666 0.0578125 0.17407407407407408
3 0.86640625 0.6615740740740741 0.0859375 0.20277777777777778
3 0.9268229166666667 0.3958333333333333 0.07239583333333334 0.31574074074074077
3 0.09973958333333334 0.42083333333333334 0.043229166666666666 0.275
4 0.9388020833333334 0.6425925925925926 0.06197916666666667 0.17407407407407408