0 0.33541666666666664 0.6319444444444444 0.10625 0.225
0 0.6567708333333333 0.6273148148148148 0.10729166666666666 0.225
0 0.72109375 0.3824074074074074 0.1234375 0.32222222222222224
0 0.25546875 0.37175925925925923 0.1046875 0.30092592592592593
1 0.5419270833333333 0.6583333333333333 0.1140625 0.17592592592592593
1 0.4361979166666667 0.6537037037037037 0.0953125 0.1814814814814815
1 0.3963541666666667 0.3921296296296296 0.171875 0.33240740740740743
1 0.5708333333333333 0.3958333333333333 0.17708333333333334 0.3490740740740741
2 0.2359375 0.6550925925925926 0.09791666666666667 0.2935185185185185
2 0.7708333333333334 0.6273148148148148 0.115625 0.35833333333333334
2 0.16276041666666666 0.39351851851851855 0.08072916666666667 0.3388888888888889
2 0.83828125 0.3814814814814815 0.1046875 0.3537037037037037
3 0.1546875 0.6615740740740741 0.06458333333333334 0.16944444444444445
3 0.8669270833333333 0.6620370370370371 0.08177083333333333 0.19814814814814816
3 0.0984375 0.4148148148148148 0.042708333333333334 0.28703703703703703
3 0.92734375 0.3912037037037037 0.06822916666666666 0.325